ERS-1                   
1 21574U 91050A   08034.57068224 -.00000025  00000-0  53969-5 0   719
2 21574  98.2078  72.1886 0034879 128.7752 231.6565 14.35641612866405
ERS-2                   
1 23560U 95021A   08035.11247455 -.00000068  00000-0 -88512-5 0  6787
2 23560  98.5632 111.0490 0001046  97.4087 262.7220 14.32241577668774
RADARSAT                
1 23710U 95059A   08035.12398078  .00000231  00000-0  10636-3 0  8045
2 23710  98.5789  43.0503 0000998  88.6244 358.9201 14.29979282639485
ENVISAT                 
1 27386U 02009A   08035.09196785 -.00000034  00000-0  35331-5 0  4340
2 27386  98.5433 103.6370 0000870  81.9331 278.1961 14.32249936310056
OLDALOS (DAICHI)           
1 28931U 06002A   08149.14012383  .00000107  00000-0  32036-4 0  6549
2 28931  98.1365 222.6853 0001322  98.3768 261.7593 14.59581522124736
TERRASAR-X              
1 31698U 07026A   08035.11051269  .00000130  00000-0  93605-5 0  7342
2 31698  97.4459  43.6432 0001460  77.7739 336.2247 15.19150941 35506
ALOS (DAICHI)           
1 28931U 06002A   09067.09493968  .00000058  00000-0  21806-4 0  5182
2 28931  98.1977 143.4709 0001194  99.9603 260.1734 14.59551967166159
