                                                                BULLETIN B  96
                                                               2 February 1996
    
    Contents described in the Explanatory Supplement, mailed with Bulletin B85  
  
 1 - EARTH ORIENTATION PARAMETERS (IERS evaluation)
     The values in this section are samplings of section 2 given at five-day
     intervals.
  
    Date    MJD     x       y    UT1R-UTC    UT1R-TAI     dPsi    dEpsilon
  1995/96           "       "        s           s        0.001"   0.001"
     (0h UTC)
  
 Final Bulletin B values
  
  DEC   3  50054 -0.1001  0.1128 -0.37241   -29.37241    -30.6     -5.1
  DEC   8  50059 -0.1197  0.1227 -0.38486   -29.38486    -29.6     -5.4
  DEC  13  50064 -0.1359  0.1328 -0.39745   -29.39745    -28.6     -5.3
  DEC  18  50069 -0.1480  0.1477 -0.40986   -29.40986    -29.2     -4.8
  DEC  23  50074 -0.1589  0.1628 -0.42208   -29.42208    -28.3     -5.1
  
  DEC  28  50079 -0.1690  0.1795 -0.43424   -29.43424    -29.0     -4.8
  JAN   2  50084 -0.1777  0.1937  0.55454   -29.44546    -29.3     -4.6
  
  Preliminary extension, to be updated  weekly in Bulletin A and monthly
  in Bulletin B.
  
  JAN   7  50089 -0.1837  0.2095  0.54477   -29.45523    -27.7     -5.0
  JAN  12  50094 -0.1928  0.2230  0.53497   -29.46503    -28.8     -4.8
  JAN  17  50099 -0.2014  0.2372  0.52573   -29.47427    -29.1     -5.1
  
  JAN  22  50104 -0.2084  0.2551  0.51688   -29.48312    -28.5     -5.0
  JAN  27  50109 -0.2141  0.2733  0.50827   -29.49173    -30.5     -4.9
  FEB   1  50114 -0.2189  0.2921  0.49886   -29.50114    -30.2     -5.3
  FEB   6  50119 -0.2211  0.3108  0.48982   -29.51018    -29.9     -4.8
  FEB  11  50124 -0.2217  0.3297  0.48023   -29.51977    -31.5     -5.2
  
  FEB  16  50129 -0.2208  0.3486  0.46956   -29.53044    -30.3     -5.8
  FEB  21  50134 -0.2184  0.3674  0.45815   -29.54185    -30.7     -5.4
  FEB  26  50139 -0.2146  0.3860  0.44608   -29.55392    -31.3     -6.2
  MAR   2  50144 -0.2093  0.4042  0.43344   -29.56656    -29.4     -6.4
  MAR   7  50149 -0.2026  0.4219  0.42030   -29.57970    -30.4     -6.2
  
  MAR  12  50154 -0.1946  0.4391  0.40673   -29.59327    -30.5     -7.1
  MAR  17  50159 -0.1852  0.4557  0.39282   -29.60718    -29.2     -6.9
  MAR  22  50164 -0.1745  0.4715  0.37861   -29.62139    -30.6     -7.1
  MAR  27  50169 -0.1626  0.4864  0.36421   -29.63579    -29.1     -8.0
  APR   1  50174 -0.1496  0.5005  0.34967   -29.65033    -28.4     -7.6
                                                            
 Note. In UT1R, the effects of zonal tides with periods shorter than 35 days are
 removed; UT1-UT1R (smaller than 0.0025s in absolute value) should be added 
 after quadratic interpolation of UT1R. Section 2 of this Bulletin gives the 
 daily interpolation of x, y, UT1, duration of day, dPsi, and dEpsilon.
  

 2 - SMOOTHED VALUES OF X, Y, UT1, D, DPSI, DEPSILON (IERS EVALUATION)
 at one-day intervals. For smoothing characteristics, see Fig.1 in
 the explanatory supplement. The reference system is described in 
 the 1994 IERS Annual Report.
  1995/96    MJD       x        y    UT1-UTC  UT1-UT1R   D   dPsi dEpsilon
    (0 h UTC)          "        "       s        ms     ms   0.001" 0.001"
  DEC   1   50052  -0.0903   0.1095  -0.36851  -1.11   2.73  -30.2   -5.4
  DEC   2   50053  -0.0953   0.1112  -0.37119  -1.28   2.63  -30.4   -5.2
  DEC   3   50054  -0.1001   0.1128  -0.37376  -1.34   2.51  -30.6   -5.1
  DEC   4   50055  -0.1048   0.1145  -0.37620  -1.29   2.38  -30.6   -5.2
  DEC   5   50056  -0.1092   0.1164  -0.37852  -1.11   2.26  -30.6   -5.2
  DEC   6   50057  -0.1132   0.1185  -0.38073  -0.83   2.16  -30.3   -5.2
  DEC   7   50058  -0.1166   0.1207  -0.38285  -0.47   2.10  -30.1   -5.4
  DEC   8   50059  -0.1197   0.1227  -0.38493  -0.07   2.08  -29.6   -5.4
  DEC   9   50060  -0.1226   0.1246  -0.38703   0.32   2.12  -29.3   -5.5
  DEC  10   50061  -0.1258   0.1264  -0.38918   0.68   2.19  -29.0   -5.5
  DEC  11   50062  -0.1291   0.1284  -0.39141   0.97   2.28  -28.6   -5.5
  DEC  12   50063  -0.1326   0.1304  -0.39375   1.17   2.39  -28.6   -5.4
  DEC  13   50064  -0.1359   0.1328  -0.39619   1.26   2.49  -28.6   -5.3
  DEC  14   50065  -0.1389   0.1355  -0.39873   1.25   2.58  -28.8   -5.1
  DEC  15   50066  -0.1413   0.1384  -0.40135   1.14   2.64  -28.9   -5.0
  DEC  16   50067  -0.1435   0.1414  -0.40400   0.96   2.66  -29.1   -4.8
  DEC  17   50068  -0.1457   0.1446  -0.40666   0.75   2.67  -29.2   -4.8
  DEC  18   50069  -0.1480   0.1477  -0.40932   0.54   2.65  -29.2   -4.8
  DEC  19   50070  -0.1504   0.1508  -0.41195   0.37   2.60  -29.1   -4.8
  DEC  20   50071  -0.1529   0.1537  -0.41452   0.28   2.52  -28.9   -4.8
  DEC  21   50072  -0.1552   0.1566  -0.41700   0.24   2.45  -28.7   -4.9
  DEC  22   50073  -0.1571   0.1595  -0.41944   0.24   2.43  -28.4   -5.0
  DEC  23   50074  -0.1589   0.1628  -0.42188   0.20   2.48  -28.3   -5.1
  DEC  24   50075  -0.1607   0.1662  -0.42441   0.07   2.60  -28.2   -5.1
  DEC  25   50076  -0.1627   0.1699  -0.42707  -0.16   2.72  -28.2   -5.1
  DEC  26   50077  -0.1648   0.1734  -0.42984  -0.47   2.79  -28.4   -4.9
  DEC  27   50078  -0.1670   0.1766  -0.43263  -0.82   2.78  -28.7   -4.9
  DEC  28   50079  -0.1690   0.1795  -0.43538  -1.14   2.69  -29.0   -4.8
  DEC  29   50080  -0.1709   0.1823  -0.43799  -1.38   2.53  -29.1   -4.7
  DEC  30   50081  -0.1727   0.1851  -0.44043  -1.50   2.34  -29.4   -4.6
  DEC  31   50082  -0.1745   0.1880  -0.44267  -1.49   2.14  -29.5   -4.5
  JAN   1   50083  -0.1762   0.1908   0.55529  -1.35   1.94  -29.4   -4.6
  JAN   2   50084  -0.1777   0.1937   0.55344  -1.10   1.77  -29.3   -4.6
  JAN   3   50085  -0.1788   0.1965   0.55175  -0.76   1.64  -28.9   -4.7
  JAN   4   50086  -0.1798   0.1996   0.55015  -0.36   1.56  -28.6   -4.8
  JAN   5   50087  -0.1808   0.2029   0.54862   0.04   1.52  -28.2   -4.9
  JAN   6   50088  -0.1822   0.2062   0.54711   0.41   1.55  -27.8   -5.0
  JAN   7   50089  -0.1837   0.2095   0.54550   0.73   1.68  -27.7   -5.0
  JAN   8   50090  -0.1854   0.2126   0.54374   0.96   1.82  -27.6   -5.0
  JAN   9   50091  -0.1872   0.2152   0.54185   1.09   1.92  -27.8   -5.0
  JAN  10   50092  -0.1890   0.2176   0.53990   1.13   1.97  -28.1   -5.0
  JAN  11   50093  -0.1909   0.2201   0.53792   1.08   1.99  -28.4   -4.9
  JAN  12   50094  -0.1928   0.2230   0.53593   0.96   2.00  -28.8   -4.8
  JAN  13   50095  -0.1948   0.2262   0.53393   0.81   2.02  -29.1   -4.8
  JAN  14   50096  -0.1968   0.2294   0.53191   0.66   2.01  -29.3   -4.9
  JAN  15   50097  -0.1986   0.2322   0.52993   0.54   1.95  -29.4   -4.9
  JAN  16   50098  -0.2001   0.2347   0.52802   0.47   1.86  -29.3   -5.0
  JAN  17   50099  -0.2014   0.2372   0.52620   0.47   1.78  -29.1   -5.1
  JAN  18   50100  -0.2026   0.2403   0.52444   0.49   1.75  -28.9   -5.1
  JAN  19   50101  -0.2039   0.2439   0.52269   0.49   1.79  -28.7   -5.2
  JAN  20   50102  -0.2053   0.2479   0.52085   0.42   1.90  -28.5   -5.1
  JAN  21   50103  -0.2068   0.2516   0.51888   0.22   2.03  -28.4   -5.1
  JAN  22   50104  -0.2084   0.2551   0.51678  -0.10   2.13  -28.5   -5.0
  JAN  23   50105  -0.2099   0.2586   0.51464  -0.49   2.14  -28.8   -4.9
  JAN  24   50106  -0.2112   0.2620   0.51255  -0.91   2.08  -29.2   -4.8
  JAN  25   50107  -0.2122   0.2656   0.51051  -1.25   1.98  -29.6   -4.8
  JAN  26   50108  -0.2131   0.2694   0.50857  -1.48   1.89  -30.1   -4.8
  JAN  27   50109  -0.2141   0.2733   0.50670  -1.57   1.83  -30.5   -4.9
  JAN  28   50110  -0.2151   0.2772   0.50490  -1.50   1.77  -30.8   -5.0
  JAN  29   50111  -0.2162   0.2810   0.50319  -1.31   1.67  -30.9   -5.2
  JAN  30   50112  -0.2173   0.2847   0.50157  -1.01   1.56  -30.8   -5.3
  JAN  31   50113  -0.2182   0.2884   0.50006  -0.64   1.47  -30.5   -5.3

    
 3 - NORMAL VALUES OF THE EARTH ORIENTATION PARAMETERS AT FIVE-DAY INTERVALS 
       (IERS evaluation).
  
                        Raw normal values                     Uncertainties
  
  
 1995/96  MJD     x        y     UT1-UTC   dPsi  dEps     x    y   UT1  dPsi dEps
    (0 h UTC)     "        "        s        0.001"       0.001" 0.0001s  0.001"
  
 DEC  3 50054 -0.09996  0.11300 -0.373748    -     -    0.09 0.05 0.11  -    -  
 DEC  8 50059 -0.11994  0.12219 -0.384941 -30.29 -6.01  0.18 0.10 0.16 0.58 0.32
 DEC 13 50064 -0.13600  0.13282 -0.396185 -28.66 -5.36  0.06 0.07 0.04 0.19 0.10
 DEC 18 50069 -0.14790  0.14793 -0.409333 -29.36 -5.05  0.05 0.08 0.08 0.45 0.25
 DEC 23 50074 -0.15892  0.16317 -0.421881    -     -    0.09 0.06 0.12  -    -  
  
 DEC 28 50079 -0.16832  0.17978 -0.435363 -28.63 -4.61  0.07 0.09 0.12 0.56 0.33
 JAN  2 50084 -0.17744  0.19426  0.553453 -28.68 -4.09  0.13 0.10 0.29 1.10 0.58
 JAN  7 50089 -0.18399  0.20939  0.545495    -     -    0.05 0.07 0.15  -    -  
 JAN 12 50094 -0.19285  0.22313  0.535922 -28.85 -5.08  0.06 0.02 0.15 1.39 0.66
 JAN 17 50099 -0.20119  0.23734  0.526207 -29.15 -5.04  0.04 0.02 0.08 0.25 0.13
  
 JAN 22 50104 -0.20844  0.25501  0.516796 -29.48 -5.87  0.13 0.16 0.47 1.32 0.67
 JAN 27 50109 -0.21407  0.27323  0.506731    -     -    0.05 0.05 0.66  -    -  
  
  
 4 - DURATION OF THE DAY AND ANGULAR VELOCITY OF THE EARTH (IERS evaluation)
    The data  of this section are smoothed, with the same characteristics as 
 UT1R in section 1. They are corrected for the effects of zonal tides with 
 periods up to 35 days.Section 2  gives the daily interpolation of D.
  
        Date (0h UTC)             DR               OmegaR   
        1995    MJD               s             (microrad/s)
                             
  
      DEC  3   50054            0.00251         72.921  14935
      DEC  8   50059            0.00249                 14937
      DEC 13   50064            0.00254                 14933
      DEC 18   50069            0.00246                 14939
      DEC 23   50074            0.00241                 14943
  
      DEC 28   50079            0.00241                 14944
   
   
  
  5 - INFORMATION ON TIME SCALES (reproduced from IERS Bulletins C and D)       
                                                                                
      UTC-TAI :                                                                 
                   A  POSITIVE LEAP SECOND WAS INTRODUCED                    
                   IN UTC-TAI AT THE END OF DECEMBER 1995.                    
                                                                                
      From 1994 July    1, 0hUTC, through 1995 December 31, UTC-TAI=-29s exactly
      From 1996 January 1, 0hUTC, until further notice,     UTC-TAI=-30s exactly
                                                                                
      DUT1(UT1-UTC) transmitted with time signals :                             
                                                                                
      From 1996  January   1, 0hUTC, through 1996 February 21 ,DUT1= +0.5s      
      From 1996  February 22, 0hUTC, until  further  notice   ,DUT1= +0.4s      
                                                                                
   
   
 6 - SUMMARY OF CONTRIBUTED EARTH ORIENTATION PARAMETERS SERIES
     This section gives the average precision of the individual series
 contributing to the combination and their average agreement with it. The 
 periods covered start at  the beginning of the first month in Section 1 
 and end with the last available value in the individual series considered.
     The complete list of measurements is available in the electronic-mailed
 version of Bulletin B in section 7.

    Units : 0.001" for x,y ,  0.0001s for UT1, 0.001" for dPsi, dEpsi.

--------------------------------------------------------------------------------
  EOP series                         Mean  formal  uncertainty
  Periods covered                    Weighted RMS agreement with Bulletin B
--------------------------------------------------------------------------------
                                                                      Data
                                        x     y     UT   dPsi  dEps   Number
 VLBI
   EOP(JPL)  95 R 01 Au-Ca              -     -    2.20   -     -         8
   50056.45 to 50107.42                 -     -    1.29   -     -  

   EOP(JPL)  95 R 01 Sp-Ca              -     -    0.87   -     -         7
   50061.14 to 50110.14                 -     -    0.75   -     -  

   EOP(USNO) 95 R 04                   0.09  0.07  0.04  0.16  0.07       7
   50057.25 to 50099.25                0.35  0.31  0.09  0.12  0.65

   EOP(USNO) 96 R 05                    -     -    0.21   -     -        38
   50052.79 to 50108.87                 -     -    0.36   -     -  

 LLR 
   EOP(UTXMO)95 M 01 Cerga              -     -    1.63   -     -        10
   50052.88 to 50112.89                 -     -    0.63   -     -  

   EOP(UTXMO)95 M 01 TLRS               -     -    2.97   -     -        13
   50051.14 to 50113.21                 -     -    1.43   -     -  

 GPS 

   EOP(CODE) 95 P 01                   0.02  0.02   -     -     -        58
   50052.50 to 50109.50                0.31  0.29   -     -     -  

   EOP(EMR)  95 P 01                   0.09  0.10   -     -     -        58
   50052.50 to 50109.50                0.32  0.59   -     -     -  

   EOP(ESOC) 95 P 01                   0.13  0.12   -     -     -        51
   50052.50 to 50102.50                0.40  0.46   -     -     -  

   EOP(GFZ)  95 P 01                   0.02  0.02   -     -     -        58
   50052.50 to 50109.50                0.29  0.29   -     -     -  

   EOP(JPL)  95 P 01                   0.05  0.06   -     -     -        51
   50052.50 to 50102.50                0.24  0.23   -     -     -  

   EOP(NOAA) 95 P 02                   0.03  0.03   -     -     -        54
   50052.50 to 50110.50                0.69  0.48   -     -     -  

   EOP(SIO)  95 P 01                   0.11  0.11   -     -     -        51
   50052.50 to 50102.50                0.31  0.33   -     -     -  

 SLR 
   EOP(CSR)  95 L 01                   0.86  0.58  0.55   -     -        20
   50055.03 to 50111.70                0.39  0.33  0.84   -     -  

   EOP(DUT)  93 L 03                   0.25  0.27   -     -     -        18
   50055.00 to 50106.00                0.74  0.59   -     -     -  

   EOP(IAA)  95 L 07                   0.19  0.15   -     -     -        60
   50052.69 to 50112.25                0.77  0.65   -     -     -  

   EOP(MCC)  94 L 01                   0.28  0.21   -     -     -        19
   50052.00 to 50106.00                0.97  0.92   -     -     -  

      
 7 - INDIVIDUAL SERIES OF EARTH ORIENTATION PARAMETERS
     The series listed hereafter,obtained  by the IERS Operational Centres,
 have been used for the evaluations of Section 1. They are described in 
 IERS Annual Report or in the IERS Technical Notes .
  
  
         7-a- Very Long Base Radio Interferometry - EOP(JPL)  95 R 01 
               Units : 0.0001" for Latitude , 0.00001s for UT0.
  
               Date                                     Uncertainties
             1995/96     MJD         Lat.    UT0-UTC    Lat.  UT0-UTC
  
            Baseline : Australia-California

             DEC   5   50056.45      -861    -36978      21     57
             DEC  12   50063.54      -895    -38448       2      9
             DEC  19   50070.53     -1052    -40135       3     11
             DEC  26   50077.53     -1233    -41795       3     11
             JAN   2   50084.49     -1386     56708       3     12

             JAN   9   50091.41     -1562     55608       7     28
             JAN  18   50100.44     -1770     54028       3     11
             JAN  25   50107.42     -1978     52731       3     10
  
            Baseline : Spain-California

             DEC  10   50061.14     -1736    -38934       9      4
             DEC  17   50068.15     -1967    -40690      33     16
             DEC  24   50075.10     -2228    -42450      12      6
             DEC  31   50082.09     -2460    -44269      14      7
             JAN   6   50088.19     -2639     54709      10      4

             JAN  21   50103.16     -3031     51874      22     11
             JAN  28   50110.14     -3289     50531      22      8
  
  
     7-b - Very Long Base Radio Interferometry - EOP(USNO) 95 R 04 
       Units : 0.0001" for x,y , 0.00001s for UT1 ,0.0001" for dPsi,dEpsi.
  
     Date                                                    Uncertainties
   1995/96    MJD       x     y   UT1-UTC dPsi dEpsi   x   y  UT1-UTC  dPsi dEpsi
  
   DEC   6  50057.25 -1142  1176  -38124 -301 -55      1   1      1      1    1
   DEC  13  50064.25 -1373  1319  -39678 -285 -56      1   1      1      1    0
   DEC  20  50071.25 -1537  1530  -41512 -286 -50      1   1      1      2    1
   DEC  27  50078.20 -1677  1757  -43317 -286 -52      1   1      1      1    1
   JAN   3  50085.25 -1791  1957   55138 -285 -49      1   1      1      2    1
  
   JAN  10  50092.20 -1897  2164   53954 -280 -57      1   1      1      3    1
   JAN  17  50099.25 -2014  2371   52579 -289 -53      1   1      1      2    1
  
  
     7-c - Very Long Base Radio Interferometry - EOP(USNO) 96 R 05 
       Units : 0.0001" for x,y , 0.00001s for UT1 ,0.0001" for dPsi,dEpsi.
  
     Date                                                    Uncertainties
   1995/96    MJD       x     y   UT1-UTC dPsi dEpsi   x   y  UT1-UTC  dPsi dEpsi
  
   DEC   1  50052.79              -37062                          1            
   DEC   2  50053.78              -37314                          1            
   DEC   2  50053.78              -37315                          1            
   DEC   7  50058.77              -38442                          1            
  
   DEC   8  50059.77              -38649                          2            
   DEC   9  50060.77              -38866                          2            
   DEC  11  50062.76              -39316                          2            
   DEC  14  50065.76              -40073                          2            
   DEC  15  50066.75              -40334                          1            
  
   DEC  16  50067.75              -40596                          1            
   DEC  16  50067.75              -40595                          1            
   DEC  16  50067.99              -40663                         10            
   DEC  16  50067.99              -40654                          1            
   DEC  18  50069.74              -41122                          1            
  
   DEC  21  50072.73              -41879                          1            
   DEC  22  50073.73              -42118                          1            
   DEC  23  50074.73              -42365                          1            
   DEC  23  50074.96              -42427                          2            
   DEC  30  50081.71              -44199                          1            
  
   DEC  30  50081.71              -44201                          1            
   DEC  30  50081.95              -44249                          8            
   DEC  30  50081.95              -44254                          3            
   JAN   4  50086.69               54907                          1            
   JAN   5  50087.69               54762                          1            
  
   JAN   6  50088.69               54605                          1            
   JAN   6  50088.69               54607                          1            
   JAN   6  50088.93               54568                          6            
   JAN   6  50088.93               54564                          3            
   JAN   8  50090.68               54249                          2            
  
   JAN   9  50091.68               54055                          1            
   JAN  11  50093.68               53661                          1            
   JAN  12  50094.67               53462                          1            
   JAN  13  50095.67               53260                          1            
   JAN  13  50095.91               53219                          6            
  
   JAN  17  50099.90               52460                          3            
   JAN  18  50100.89               52293                          3            
   JAN  25  50107.88               50883                          3            
   JAN  26  50108.87               50700                          3            
  
  
         7-d - Lunar Laser Ranging - EOP(UTXMO)95 M 01 
               (UNIT : 0.00001s for UT0-UTC)
  
               Date                           Uncertainties
             1995/96     MJD          UT0-UTC   UTO-UTC    STATION  REFLECTOR
  
             NOV  30    50051.141     -36441      26        TLR      HAD
             DEC   1    50052.073     -36675      38        TLR      HAD
             DEC   1    50052.882     -36453       8        CER      HAD
             DEC   1    50052.884     -36452      12        CER      FRM
             DEC   2    50053.124     -36941      21        TLR      HAD
  
             DEC   3    50054.136     -37185      14        TLR      HAD
             DEC   3    50054.137     -37192      43        TLR      FRM
             DEC   3    50054.882     -36939      26        CER      HAD
             DEC   4    50055.225     -37431      18        TLR      HAD
             DEC  11    50062.436     -38934      22        TLR      HAD
  
             DEC  14    50065.255     -39191      22        CER      TRA
             DEC  14    50065.265     -39185      20        CER      FRM
             DEC  14    50065.270     -39175      10        CER      HAD
             DEC  16    50067.533     -40174      56        TLR      HAD
             DEC  28    50079.121     -43157      29        TLR      HAD
  
             JAN  15    50097.253      54279      20        CER      HAD
             JAN  27    50109.138      51221      34        TLR      HAD
             JAN  29    50111.091      50894      38        TLR      HAD
             JAN  30    50112.176      50739      42        TLR      HAD
             JAN  30    50112.826      51752      12        CER      FRM
  
             JAN  30    50112.848      51751       4        CER      HAD
             JAN  30    50112.891      51746      11        CER      TRA
             JAN  31    50113.206      50615      15        TLR      HAD
  
  
         7 -e - EOP(CODE) 95 P 01 
                Units : 0.0001" for x,y, 0.00001s for UT1 and D.
  
     Date                                                        Uncertainties
   1995/96     MJD        x       y     UT1-UTC   Passes  Span   x    y  UT1-UTC
                                                          hours
  
   NOV  30   50051.50   -878    1087    -35189     24            1    1     1
   DEC   1   50052.50   -932    1104    -35462     24            1    1     1
   DEC   2   50053.50   -980    1118    -35726     24            1    1     1
   DEC   3   50054.50  -1025    1134    -35981     24            1    1     1
   DEC   4   50055.50  -1068    1153    -36224     24            1    1     1
  
   DEC   5   50056.50  -1111    1174    -36454     24            1    1     1
   DEC   6   50057.50  -1150    1195    -36673     24            1    1     1
   DEC   7   50058.50  -1183    1216    -36884     24            1    1     1
   DEC   8   50059.50  -1215    1235    -37095     24            1    1     1
   DEC   9   50060.50  -1244    1254    -37309     24            1    1     1
  
   DEC  10   50061.50  -1273    1274    -37530     24            1    1     1
   DEC  11   50062.50  -1309    1294    -37759     24            1    1     1
   DEC  12   50063.50  -1344    1316    -37998     24            1    1     1
   DEC  13   50064.50  -1376    1342    -38247     24            1    1     1
   DEC  14   50065.50  -1403    1371    -38504     24            1    1     1
  
   DEC  15   50066.50  -1429    1399    -38764     24            1    1     1
   DEC  16   50067.50  -1453    1430    -39026     24            1    1     1
   DEC  17   50068.50  -1474    1462    -39291     24            1    1     1
   DEC  18   50069.50  -1494    1494    -39557     25            1    1     1
   DEC  19   50070.50  -1519    1523    -39821     25            1    1     1
  
   DEC  20   50071.50  -1543    1550    -40075     25            1    1     1
   DEC  21   50072.50  -1565    1577    -40314     25            1    1     1
   DEC  22   50073.50  -1583    1608    -40552     25            1    1     1
   DEC  23   50074.50  -1603    1641    -40801     25            1    1     1
   DEC  24   50075.50  -1622    1677    -41066     25            1    1     1
  
   DEC  25   50076.50  -1641    1713    -41342     25            1    1     1
   DEC  26   50077.50  -1660    1749    -41622     25            1    1     1
   DEC  27   50078.50  -1681    1781    -41897     25            1    1     1
   DEC  28   50079.50  -1702    1811    -42161     25            1    1     1
   DEC  29   50080.50  -1720    1838    -42409     25            1    1     1
  
   DEC  30   50081.50  -1738    1866    -42639     25            1    1     1
   DEC  31   50082.50  -1759    1893    -42850     25            1    1     1
   JAN   1   50083.50  -1774    1923     56960     25            1    1     1
   JAN   2   50084.50  -1787    1952     56787     25            1    1     1
   JAN   3   50085.50  -1796    1982     56625     25            1    1     1
  
   JAN   4   50086.50  -1806    2013     56470     25            1    1     1
   JAN   5   50087.50  -1818    2046     56318     25            1    1     1
   JAN   6   50088.50  -1834    2076     56161     25            1    1     1
   JAN   7   50089.50  -1852    2107     55993     25            1    1     1
   JAN   8   50090.50  -1869    2135     55810     25            1    1     1
  
   JAN   9   50091.50  -1886    2161     55618     25            1    1     1
   JAN  10   50092.50  -1904    2187     55423     25            1    1     1
   JAN  11   50093.50  -1925    2216     55226     25            1    1     1
   JAN  12   50094.50  -1945    2246     55030     25            1    1     1
   JAN  13   50095.50  -1962    2277     54832     25            1    1     1
  
   JAN  14   50096.50  -1980    2305     54635     25            1    1     1
   JAN  15   50097.50  -1994    2330     54442     25            1    1     1
   JAN  16   50098.50  -2006    2357     54253     25            1    1     1
   JAN  17   50099.50  -2020    2386     54071     25            1    1     1
   JAN  18   50100.50  -2033    2419     53896     25            1    1     1
  
   JAN  19   50101.50  -2048    2458     53724     25            1    1     1
   JAN  20   50102.50  -2063    2494     53543     25            1    1     1
   JAN  21   50103.50  -2076    2530     53347     25            1    1     1
   JAN  22   50104.50  -2092    2566     53137     25            1    1     1
   JAN  23   50105.50  -2108    2601     52925     25            1    1     1
  
   JAN  24   50106.50  -2119    2637     52718     25            1    1     1
   JAN  25   50107.50  -2128    2674     52523     25            1    1     1
   JAN  26   50108.50  -2137    2710     52340     25            1    1     1
   JAN  27   50109.50  -2151    2748     52169     25            1    1     1
  
  
         7 -f - EOP(EMR)  95 P 01 
                Units : 0.0001" for x,y, 0.00001s for UT1 and D.
  
     Date                                                        Uncertainties
   1995/96     MJD        x       y     UT1-UTC   Passes  Span   x    y  UT1-UTC
                                                          hours
  
   NOV  30   50051.50   -885    1089    -37315     24            1    1     2
   DEC   1   50052.50   -935    1106    -37585     24            1    1     2
   DEC   2   50053.50   -983    1121    -37846     24            1    1     2
   DEC   3   50054.50  -1027    1136    -38095     24            1    1     2
   DEC   4   50055.50  -1070    1159    -38337     24            1    1     2
  
   DEC   5   50056.50  -1109    1182    -38567     24            1    1     2
   DEC   6   50057.50  -1152    1201    -38787     24            1    1     2
   DEC   7   50058.50  -1186    1220    -39000     24            1    1     2
   DEC   8   50059.50  -1217    1237    -39209     24            1    1     2
   DEC   9   50060.50  -1246    1256    -39421     24            1    1     2
  
   DEC  10   50061.50  -1272    1278    -39644     24            1    1     2
   DEC  11   50062.50  -1307    1300    -39876     24            1    1     2
   DEC  12   50063.50  -1347    1324    -40113     24            1    1     2
   DEC  13   50064.50  -1376    1349    -40363     24            1    1     2
   DEC  14   50065.50  -1405    1375    -40625     24            1    1     2
  
   DEC  15   50066.50  -1424    1404    -40891     24            1    1     2
   DEC  16   50067.50  -1449    1434    -41156     24            1    1     2
   DEC  17   50068.50  -1470    1468    -41423     24            1    1     2
   DEC  18   50069.50  -1490    1501    -41689     24            1    1     2
   DEC  19   50070.50  -1515    1532    -41950     24            1    1     2
  
   DEC  20   50071.50  -1538    1556    -42211     24            1    1     2
   DEC  21   50072.50  -1564    1586    -42460     24            1    1     2
   DEC  22   50073.50  -1582    1614    -42705     24            1    1     2
   DEC  23   50074.50  -1599    1645    -42957     24            1    1     2
   DEC  24   50075.50  -1617    1686    -43219     24            1    1     2
  
   DEC  25   50076.50  -1637    1720    -43496     24            1    1     2
   DEC  26   50077.50  -1660    1757    -43776     24            1    1     2
   DEC  27   50078.50  -1681    1790    -44056     24            1    1     2
   DEC  28   50079.50  -1701    1817    -44323     24            1    1     2
   DEC  29   50080.50  -1720    1843    -44579     24            1    1     2
  
   DEC  30   50081.50  -1741    1867    -44817     24            1    1     2
   DEC  31   50082.50  -1758    1894    -45035     24            1    1     2
   JAN   1   50083.50  -1770    1925     54774     24            1    1     2
   JAN   2   50084.50  -1784    1956     54599     25            1    1     2
   JAN   3   50085.50  -1795    1984     54435     25            1    1     2
  
   JAN   4   50086.50  -1806    2014     54279     25            1    1     2
   JAN   5   50087.50  -1818    2047     54126     25            1    1     2
   JAN   6   50088.50  -1832    2080     53967     25            1    1     2
   JAN   7   50089.50  -1850    2114     53801     25            1    1     2
   JAN   8   50090.50  -1872    2142     53621     25            1    1     2
  
   JAN   9   50091.50  -1882    2161     53427     25            1    1     2
   JAN  10   50092.50  -1903    2188     53234     25            1    1     2
   JAN  11   50093.50  -1926    2217     53037     25            1    1     2
   JAN  12   50094.50  -1945    2249     52841     25            1    1     2
   JAN  13   50095.50  -1969    2285     52642     25            1    1     2
  
   JAN  14   50096.50  -1981    2312     52443     25            1    1     2
   JAN  15   50097.50  -1996    2338     52249     25            1    1     2
   JAN  16   50098.50  -2010    2362     52061     25            1    1     2
   JAN  17   50099.50  -2022    2392     51872     25            1    1     2
   JAN  18   50100.50  -2033    2424     51696     25            1    1     2
  
   JAN  19   50101.50  -2051    2462     51520     25            1    1     2
   JAN  20   50102.50  -2066    2503     51330     25            1    1     2
   JAN  21   50103.50  -2078    2540     51130     25            1    1     2
   JAN  22   50104.50  -2093    2574     50914     25            1    1     2
   JAN  23   50105.50  -2112    2610     50698     25            1    1     2
  
   JAN  24   50106.50  -2124    2641     50486     25            1    1     2
   JAN  25   50107.50  -2132    2677     50287     25            1    1     2
   JAN  26   50108.50  -2142    2712     50097     25            1    1     2
   JAN  27   50109.50  -2150    2755     49923     25            1    1     2
  
  
         7 -g - EOP(ESOC) 95 P 01 
                Units : 0.0001" for x,y, 0.00001s for UT1 and D.
  
     Date                                                        Uncertainties
   1995/96     MJD        x       y         D    Passes  Span    x    y     D   
                                                          hours
  
   NOV  30   50051.50   -874    1092       273     24            1    1     1
   DEC   1   50052.50   -930    1108       266     24            1    1     1
   DEC   2   50053.50   -983    1126       251     24            1    1     1
   DEC   3   50054.50  -1026    1140       246     24            1    1     1
   DEC   4   50055.50  -1067    1158       239     24            1    1     1
  
   DEC   5   50056.50  -1115    1177       224     24            1    1     1
   DEC   6   50057.50  -1151    1199       214     24            1    1     1
   DEC   7   50058.50  -1182    1217       208     24            1    1     1
   DEC   8   50059.50  -1212    1243       206     24            1    1     1
   DEC   9   50060.50  -1245    1256       216     24            1    1     1
  
   DEC  10   50061.50  -1273    1268       227     24            1    1     1
   DEC  11   50062.50  -1307    1296       227     24            1    1     1
   DEC  12   50063.50  -1342    1318       245     24            1    1     1
   DEC  13   50064.50  -1379    1343       254     24            1    1     1
   DEC  14   50065.50  -1399    1371       267     24            1    1     1
  
   DEC  15   50066.50  -1425    1400       265     24            1    1     1
   DEC  16   50067.50  -1454    1431       261     24            1    1     1
   DEC  17   50068.50  -1475    1461       266     24            1    1     1
   DEC  18   50069.50  -1489    1499       263     24            1    1     1
   DEC  19   50070.50  -1528    1537       262     24            1    1     1
  
   DEC  20   50071.50  -1538    1547       254     24            1    1     1
   DEC  21   50072.50  -1569    1583       249     24            1    1     1
   DEC  22   50073.50  -1587    1610       255     24            1    1     1
   DEC  23   50074.50  -1607    1642       257     24            1    1     1
   DEC  24   50075.50  -1613    1677       275     25            1    1     2
  
   DEC  25   50076.50  -1640    1715       285     25            1    1     1
   DEC  26   50077.50  -1662    1748       281     25            1    1     1
   DEC  27   50078.50  -1681    1786       275     25            1    1     1
   DEC  28   50079.50  -1707    1816       267     25            1    1     2
   DEC  29   50080.50  -1727    1844       241     25            1    1     1
  
   DEC  30   50081.50  -1744    1869       224     25            1    1     1
   DEC  31   50082.50  -1760    1898       198     25            1    1     1
   JAN   1   50083.50  -1772    1928       176     25            1    1     1
   JAN   2   50084.50  -1781    1951       174     25            1    1     1
   JAN   3   50085.50  -1788    1988       167     25            1    1     1
  
   JAN   4   50086.50  -1802    2013       159     25            1    1     1
   JAN   5   50087.50  -1819    2050       150     25            1    1     1
   JAN   6   50088.50  -1829    2087       162     25            1    1     1
   JAN   7   50089.50  -1848    2110       179     25            1    1     1
   JAN   8   50090.50  -1871    2140       191     25           15   13    18
  
   JAN   9   50091.50  -1882    2169       199     25            6    6     8
   JAN  10   50092.50  -1902    2193       196     25            1    1     1
   JAN  11   50093.50  -1915    2221       194     25            1    1     1
   JAN  12   50094.50  -1939    2257       195     25            1    1     1
   JAN  13   50095.50  -1965    2283       206     25            1    1     1
  
   JAN  14   50096.50  -1974    2311       199     25            1    1     1
   JAN  15   50097.50  -1995    2337       181     25            1    1     1
   JAN  16   50098.50  -2005    2363       185     25            1    1     1
   JAN  17   50099.50  -2022    2390       179     25            1    1     1
   JAN  18   50100.50  -2034    2426       166     25            1    1     1
  
   JAN  19   50101.50  -2043    2465       180     25            1    1     1
   JAN  20   50102.50  -2061    2501       190     25            1    1     1
  
  
         7 -h - EOP(GFZ)  95 P 01 
                Units : 0.0001" for x,y, 0.00001s for UT1 and D.
  
     Date                                                        Uncertainties
   1995/96     MJD        x       y         D    Passes  Span   x    y     D   
                                                          hours
  
   NOV  30   50051.50   -880    1087       272     24            1    1     3
   DEC   1   50052.50   -933    1103       263     24            1    1     3
   DEC   2   50053.50   -982    1117       250     24            1    1     3
   DEC   3   50054.50  -1025    1133       241     24            1    1     3
   DEC   4   50055.50  -1069    1155       233     24            1    1     3
  
   DEC   5   50056.50  -1113    1174       225     24            1    1     3
   DEC   6   50057.50  -1151    1197       213     24            1    1     3
   DEC   7   50058.50  -1185    1217       208     23            1    1     3
   DEC   8   50059.50  -1215    1236       214     24            1    1     3
   DEC   9   50060.50  -1247    1256       222     24            1    1     3
  
   DEC  10   50061.50  -1272    1275       228     24            1    1     3
   DEC  11   50062.50  -1306    1295       239     24            1    1     3
   DEC  12   50063.50  -1346    1317       246     24            1    1     3
   DEC  13   50064.50  -1377    1346       261     24            1    1     3
   DEC  14   50065.50  -1403    1372       264     24            1    1     3
  
   DEC  15   50066.50  -1423    1401       262     24            1    1     3
   DEC  16   50067.50  -1451    1432       262     24            1    1     3
   DEC  17   50068.50  -1471    1463       267     24            1    1     3
   DEC  18   50069.50  -1492    1495       259     24            1    1     3
   DEC  19   50070.50  -1514    1529       261     24            1    1     3
  
   DEC  20   50071.50  -1541    1554       253     24            1    1     3
   DEC  21   50072.50  -1566    1582       245     24            1    1     3
   DEC  22   50073.50  -1586    1613       250     24            1    1     3
   DEC  23   50074.50  -1598    1647       261     24            1    1     3
   DEC  24   50075.50  -1621    1683       275     24            1    1     3
  
   DEC  25   50076.50  -1639    1718       285     24            1    1     3
   DEC  26   50077.50  -1661    1753       281     24            1    1     3
   DEC  27   50078.50  -1683    1784       276     24            1    1     3
   DEC  28   50079.50  -1702    1812       261     24            1    1     3
   DEC  29   50080.50  -1722    1839       243     24            1    1     3
  
   DEC  30   50081.50  -1738    1866       221     24            1    1     3
   DEC  31   50082.50  -1758    1895       204     24            1    1     3
   JAN   1   50083.50  -1773    1923       180     24            1    1     3
   JAN   2   50084.50  -1785    1953       173     24            1    1     3
   JAN   3   50085.50  -1796    1984       165     24            1    1     3
  
   JAN   4   50086.50  -1807    2016       158     24            1    1     3
   JAN   5   50087.50  -1818    2047       152     24            1    1     4
   JAN   6   50088.50  -1830    2080       162     24            1    1     3
   JAN   7   50089.50  -1849    2111       179     25            1    1     3
   JAN   8   50090.50  -1868    2139       191     24            1    1     3
  
   JAN   9   50091.50  -1882    2163       194     25            1    1     3
   JAN  10   50092.50  -1901    2187       201     25            1    1     3
   JAN  11   50093.50  -1924    2215       197     25            1    1     3
   JAN  12   50094.50  -1945    2248       196     25            1    1     3
   JAN  13   50095.50  -1964    2279       191     25            1    1     3
  
   JAN  14   50096.50  -1982    2309       190     25            1    1     3
   JAN  15   50097.50  -1998    2334       184     25            1    1     3
   JAN  16   50098.50  -2005    2358       179     25            1    1     3
   JAN  17   50099.50  -2022    2388       173     25            1    1     3
   JAN  18   50100.50  -2032    2423       173     25            1    1     3
  
   JAN  19   50101.50  -2047    2461       183     25            1    1     3
   JAN  20   50102.50  -2064    2500       194     25            1    1     3
   JAN  21   50103.50  -2079    2537       214     25            1    1     3
   JAN  22   50104.50  -2094    2571       218     25            1    1     3
   JAN  23   50105.50  -2110    2603       209     25            1    1     3
  
   JAN  24   50106.50  -2123    2638       203     25            1    1     3
   JAN  25   50107.50  -2130    2675       186     25            1    1     3
   JAN  26   50108.50  -2140    2711       170     25            1    1     3
   JAN  27   50109.50  -2148    2753       163     25            1    1     3
  
  
         7 -i - EOP(JPL)  95 P 01 
                Units : 0.0001" for x,y, 0.00001s for UT1 and D.
  
     Date                                                        Uncertainties
   1995/96     MJD        x       y         D    Passes  Span   x    y     D   
                                                          hours
  
   NOV  30   50051.50   -878    1085       279     24            1    1     1
   DEC   1   50052.50   -933    1102       269     24            1    1     1
   DEC   2   50053.50   -982    1117       254     24            1    1     1
   DEC   3   50054.50  -1025    1132       248     24            1    1     1
   DEC   4   50055.50  -1070    1151       235     24            1    1     1
  
   DEC   5   50056.50  -1114    1173       226     24            1    1     1
   DEC   6   50057.50  -1154    1193       212     24            1    1     1
   DEC   7   50058.50  -1189    1212       208     24            1    1     1
   DEC   8   50059.50  -1220    1231       204     24            1    1     1
   DEC   9   50060.50  -1249    1250       214     24            1    1     1
  
   DEC  10   50061.50  -1275    1270       227     24            1    1     1
   DEC  11   50062.50  -1311    1291       234     24            1    1     1
   DEC  12   50063.50  -1347    1313       240     24            1    1     1
   DEC  13   50064.50  -1378    1339       256     24            1    1     1
   DEC  14   50065.50  -1406    1366       262     24            1    1     1
  
   DEC  15   50066.50  -1424    1398       265     24            1    1     1
   DEC  16   50067.50  -1449    1427       268     24            1    1     1
   DEC  17   50068.50  -1472    1460       268     24            1    1     1
   DEC  18   50069.50  -1494    1491       265     24            1    1     1
   DEC  19   50070.50  -1517    1523       265     25            1    1     1
  
   DEC  20   50071.50  -1541    1549       254     24            1    1     1
   DEC  21   50072.50  -1566    1576       244     24            1    1     1
   DEC  22   50073.50  -1586    1606       245     25            1    1     1
   DEC  23   50074.50  -1599    1640       251     25            1    1     1
   DEC  24   50075.50  -1620    1678       272     25            1    1     1
  
   DEC  25   50076.50  -1639    1714       278     25            1    1     1
   DEC  26   50077.50  -1659    1749       279     25            1    1     1
   DEC  27   50078.50  -1681    1781       274     25            1    1     1
   DEC  28   50079.50  -1701    1809       262     25            1    1     1
   DEC  29   50080.50  -1723    1835       247     25            1    1     1
  
   DEC  30   50081.50  -1739    1861       216     25            1    1     1
   DEC  31   50082.50  -1759    1891       199     24            1    1     1
   JAN   1   50083.50  -1773    1920       175     25            1    1     1
   JAN   2   50084.50  -1786    1948       171     25            1    1     1
   JAN   3   50085.50  -1794    1981       159     25            1    1     1
  
   JAN   4   50086.50  -1806    2009       157     25            1    1     1
   JAN   5   50087.50  -1818    2041       156     25            1    1     1
   JAN   6   50088.50  -1833    2077       162     25            1    1     1
   JAN   7   50089.50  -1851    2109       167     25            1    1     1
   JAN   8   50090.50  -1870    2137       184     24            1    1     1
  
   JAN   9   50091.50  -1883    2161       192     24            1    1     1
   JAN  10   50092.50  -1902    2186       197     25            1    1     1
   JAN  11   50093.50  -1924    2215       199     25            1    1     1
   JAN  12   50094.50  -1944    2246       194     25            1    1     1
   JAN  13   50095.50  -1965    2278       197     25            1    1     1
  
   JAN  14   50096.50  -1981    2303       196     25            1    1     1
   JAN  15   50097.50  -1999    2332       190     25            1    1     1
   JAN  16   50098.50  -2008    2358       186     25            1    1     1
   JAN  17   50099.50  -2022    2386       179     25            1    1     1
   JAN  18   50100.50  -2034    2419       173     25            1    1     1
  
   JAN  19   50101.50  -2049    2457       180     24            1    1     1
   JAN  20   50102.50  -2064    2500       190     24            1    1     1
  
  
         7 -j - EOP(NOAA) 95 P 02 
                Units : 0.0001" for x,y, 0.00001s for UT1 and D.
  
     Date                                                        Uncertainties
   1995/96     MJD        x       y              Passes  Span    x    y  
                                                          hours
  
   NOV  30   50051.50   -878    1083               24            1    1      
   DEC   1   50052.50   -931    1102               24            1    1      
   DEC   2   50053.50   -982    1116               24            1    1      
   DEC   3   50054.50  -1021    1134               24            1    1      
   DEC   4   50055.50  -1068    1151               24            1    1      
  
   DEC   5   50056.50  -1108    1175               24            1    1      
   DEC   6   50057.50  -1150    1192               24            1    1      
   DEC   7   50058.50  -1185    1216               24            1    1      
   DEC   8   50059.50  -1214    1236               24            1    1      
   DEC   9   50060.50  -1239    1252               24            1    1      
  
   DEC  10   50061.50  -1266    1275               24            1    1      
   DEC  11   50062.50  -1307    1293               24            1    1      
   DEC  12   50063.50  -1343    1312               24            1    1      
   DEC  13   50064.50  -1374    1343               24            1    1      
   DEC  14   50065.50  -1397    1369               24            1    1      
  
   DEC  15   50066.50  -1422    1399               24            1    1      
   DEC  16   50067.50  -1448    1430               24            1    1      
   DEC  17   50068.50  -1472    1461               24            1    1      
   DEC  19   50070.50  -1515    1529               24            1    1      
   DEC  20   50071.50  -1535    1559               25            1    1      
  
   DEC  21   50072.50  -1559    1581               25            1    1      
   DEC  22   50073.50  -1579    1606               25            1    1      
   DEC  23   50074.50  -1589    1653               25            1    1      
   DEC  24   50075.50  -1610    1678               25            1    1      
   DEC  25   50076.50  -1631    1720               25            1    1      
  
   DEC  26   50077.50  -1652    1748               25            1    1      
   DEC  27   50078.50  -1676    1781               25            1    1      
   DEC  28   50079.50  -1692    1817               25            1    1      
   DEC  29   50080.50  -1716    1836               25            1    1      
   DEC  30   50081.50  -1736    1867               25            1    1      
  
   DEC  31   50082.50  -1757    1895               25            1    1      
   JAN   2   50084.50  -1775    1950               25            1    1      
   JAN   3   50085.50  -1785    1980               25            1    1      
   JAN   7   50089.50  -1841    2111               25            1    1      
   JAN   8   50090.50  -1863    2141               25            1    1        

   JAN   9   50091.50  -1876    2171               25            1    1      
   JAN  10   50092.50  -1894    2188               25            1    1      
   JAN  11   50093.50  -1918    2223               25            1    1      
   JAN  12   50094.50  -1939    2249               25            1    1      
   JAN  13   50095.50  -1957    2279               25            1    1      
  
   JAN  14   50096.50  -1978    2309               25            1    1      
   JAN  15   50097.50  -1991    2337               25            1    1      
   JAN  16   50098.50  -2004    2361               25            1    1      
   JAN  17   50099.50  -2015    2389               25            1    1      
   JAN  18   50100.50  -2031    2420               25            1    1      
  
   JAN  19   50101.50  -2045    2461               25            1    1      
   JAN  20   50102.50  -2059    2501               25            1    1      
   JAN  21   50103.50  -2077    2532               25            1    1      
   JAN  22   50104.50  -2088    2570               25            1    1      
   JAN  23   50105.50  -2107    2603               25            1    1      
  
   JAN  24   50106.50  -2120    2636               25            1    1      
   JAN  25   50107.50  -2126    2673               25            1    1      
   JAN  26   50108.50  -2132    2712               25            1    1      
   JAN  27   50109.50  -2144    2750               25            1    1      
   JAN  28   50110.50  -2157    2793               25            1    1      
  
  
         7 -k - EOP(SIO)  95 P 01 
                Units : 0.0001" for x,y, 0.00001s for UT1 and D.
  
     Date                                                        Uncertainties
   1995/96     MJD        x       y    UT1-UTC   Passes  Span    x    y  UT1-UTC
                                                          hours
  
   NOV  30   50051.50   -881    1085    -36837     24            1    1     7
   DEC   1   50052.50   -933    1102    -37131     24            1    1     8
   DEC   2   50053.50   -982    1116    -37405     24            1    2     9
   DEC   3   50054.50  -1028    1131               24            1    1     
   DEC   4   50055.50  -1072    1150    -37855     24            1    1     3
  
   DEC   5   50056.50  -1116    1171    -38060     24            1    1     4
   DEC   6   50057.50  -1156    1192    -38239     24            1    1     5
   DEC   7   50058.50  -1189    1211    -38413     24            1    1     6
   DEC   8   50059.50  -1220    1231    -38584     24            1    1     7
   DEC   9   50060.50  -1248    1250    -38760     24            2    2     8
  
   DEC  10   50061.50  -1274    1270               24            1    2     
   DEC  11   50062.50  -1309    1289    -39138     24            1    1     3
   DEC  12   50063.50  -1344    1313    -39363     24            1    1     4
   DEC  13   50064.50  -1376    1340    -39614     24            1    1     6
   DEC  14   50065.50  -1403    1367    -39881     24            1    1     7
  
   DEC  15   50066.50  -1427    1397    -40160     24            1    1     7
   DEC  16   50067.50  -1450    1429    -40446     24            1    1     8
   DEC  17   50068.50  -1474    1460               24            1    1     
   DEC  18   50069.50  -1494    1492    -41023     24            1    1     2
   DEC  19   50070.50  -1518    1520    -41308     24            1    1     4
  
   DEC  20   50071.50  -1543    1546    -41579     24            1    1     5
   DEC  21   50072.50  -1566    1573    -41832     25            1    1     6
   DEC  22   50073.50  -1585    1605    -42083     25            1    1     7
   DEC  23   50074.50  -1600    1640    -42341     25            1    1     7
   DEC  24   50075.50  -1616    1677              25             1    1     
  
   DEC  25   50076.50  -1637    1717    -42881     25            1    1     2
   DEC  26   50077.50  -1657    1747    -43188     25            1    1     4
   DEC  27   50078.50  -1678    1780    -43495     25            1    1     5
   DEC  28   50079.50  -1701    1807    -43789     25            1    1     5
   DEC  29   50080.50  -1721    1835    -44057     25            1    1     6
  
   DEC  30   50081.50  -1740    1862    -44298     25            1    1     7
   DEC  31   50082.50  -1760    1890               25            1    1     
   JAN   1   50083.50  -1770    1918     55438     25            1    1     3
   JAN   2   50084.50  -1783    1947     55266     25            1    1     4
   JAN   3   50085.50  -1796    1977     55108     25            1    1     5
  
   JAN   4   50086.50  -1805    2008     54956     25            1    1     6
   JAN   5   50087.50  -1818    2040     54806     25            1    1     7
   JAN   6   50088.50  -1832    2074     54648     25            2    2     8
   JAN   7   50089.50  -1852    2110               25            1    1     
   JAN   8   50090.50  -1869    2130     54278     25            1    1     2
  
   JAN   9   50091.50  -1886    2161     54087     25            1    1     4
   JAN  10   50092.50  -1904    2190     53886     25            1    1     5
   JAN  11   50093.50  -1925    2211     53685     25            1    1     6
   JAN  12   50094.50  -1945    2245     53485     25            1    1     7
   JAN  13   50095.50  -1965    2276     53285     25            1    1     8
  
   JAN  14   50096.50  -1982    2305               25            1    1     
   JAN  15   50097.50  -1998    2329     52879     25            1    1     2
   JAN  16   50098.50  -2012    2356     52683     25            1    1     4
   JAN  17   50099.50  -2022    2387     52506     25            1    1     5
   JAN  18   50100.50  -2037    2421     52333     25            1    1     6
  
   JAN  19   50101.50  -2052    2459     52156     25            1    1     7
   JAN  20   50102.50  -2068    2500     51974     25            1    1     7
  
  
         7-l - Satellite Laser Ranging :  LAGEOS -EOP(CSR)  95 L 01 
                Units : 0.0001" for x,y, 0.00001s for UT1.
  
               Date                                         Uncertainties
             1995/96     MJD        x     y     UT1-UTC      x     y   UT1-UTC
  
             NOV  30   50051.77   -888  1094     -36796       8     4       4
             DEC   4   50055.03  -1066  1143     -37638       8     8       6
             DEC   7   50058.14  -1172  1211     -38312      10     7       5
             DEC   9   50060.95  -1257  1256     -38899       4     3       3
             DEC  13   50064.36  -1376  1329     -39714      15    10       6
  
             DEC  16   50067.04  -1440  1411     -40409       8     5       4
             DEC  19   50070.23  -1512  1513     -41240       9     8       7
             DEC  22   50073.02  -1573  1591     -41945       8     6       5
             DEC  24   50075.06  -1606  1662     -42456      23    14      15
             DEC  28   50079.40  -1700  1804     -43652       4     4       2
  
             DEC  30   50081.26  -1732  1857     -44120       9     6       4
             JAN   3   50085.41  -1782  1973      55097      12     7       4
             JAN   5   50087.89  -1816  2057      54719       9     7       5
             JAN   9   50091.30  -1876  2161      54124       6     3       3
             JAN  12   50094.01  -1928  2230      53592       4     2       3
  
             JAN  14   50096.85  -1986  2321      53027       3     4       3
             JAN  17   50099.61  -2024  2388      52508       3     3       3
             JAN  20   50102.92  -2074  2518      51904      11     4      12
             JAN  24   50106.32  -2110  2632      51189       7     3      22
             JAN  26   50108.85  -2139  2727      50708       7     3      29
  
             JAN  29   50111.70  -2173  2837      50267      12     9      38
  
  
         7-m - Satellite Laser Ranging :  LAGEOS -EOP(DUT)  93 L 03 
                Units : 0.0001" for x,y, 0.00001s for UT1.
  
               Date                                         Uncertainties
             1995/96     MJD        x     y     UT1-UTC      x     y   UT1-UTC
  
             DEC   4   50055.00  -1036  1165     -33482       2     2       1
             DEC   7   50058.00  -1154  1223     -34141       2     2       2
             DEC  10   50061.00  -1252  1273     -34755       2     2       2
             DEC  13   50064.00  -1355  1341     -35461       3     2       2
             DEC  16   50067.00  -1421  1426     -36241       2     3       2
  
             DEC  19   50070.00  -1490  1535     -37019       2     2       2
             DEC  22   50073.00  -1577  1606     -37782       2     2       2
             DEC  25   50076.00  -1630  1725     -38546       9    19       6
             DEC  28   50079.00  -1682  1806     -39377       1     1       1
             DEC  31   50082.00  -1743  1896     -40115       3     2       2
  
             JAN   3   50085.00  -1759  1974      59342       2     2       2
             JAN   6   50088.00  -1811  2093      58888       4     2       2
             JAN   9   50091.00  -1854  2174      58373       3     1       1
             JAN  12   50094.00  -1912  2250      57753       2     1       1
             JAN  15   50097.00  -1978  2334      57182       2     2       1
  
             JAN  18   50100.00  -2017  2422      56609       1     1       1
             JAN  21   50103.00  -2053  2538      56078       2     2       2
             JAN  24   50106.00  -2104  2637      55435       2     1       1
  
  
         7-n - Satellite Laser Ranging :  LAGEOS -EOP(IAA)  95 L 07 
                Units : 0.0001" for x,y, 0.00001s for UT1.
  
               Date                                         Uncertainties
             1995/96     MJD        x     y          D        x     y       D
  
             NOV  30   50051.72   -891  1086        278       2     1       1
             DEC   1   50052.69   -942  1103        269       2     1       1
             DEC   2   50053.55   -986  1117        259       2     1       1
             DEC   3   50054.98  -1049  1143        240       3     2       1
             DEC   5   50056.29  -1107  1162        220       3     2       1
  
             DEC   5   50056.95  -1133  1178        213       3     3       2
             DEC   7   50058.29  -1181  1215        218       2     2       1
             DEC   8   50059.16  -1223  1232        210       2     2       1
             DEC   9   50060.03  -1248  1248        209       2     1       1
             DEC   9   50060.74  -1257  1261        216       2     1       1
  
             DEC  10   50061.77  -1290  1274        224       2     1       1
             DEC  11   50062.52  -1315  1293        235       2     2       1
             DEC  12   50063.76  -1352  1322        248       2     2       1
             DEC  14   50065.48  -1402  1363        262       2     1       1
             DEC  15   50066.30  -1425  1385        268       1     1       1
  
             DEC  15   50066.80  -1438  1399        269       1     1       1
             DEC  16   50067.48  -1452  1424        265       1     1       1
             DEC  17   50068.56  -1471  1463        268       2     1       1
             DEC  19   50070.02  -1500  1514        274       2     1       1
             DEC  20   50071.61  -1556  1547        246       2     1       1
  
             DEC  21   50072.27  -1583  1561        241       2     2       1
             DEC  21   50072.72  -1589  1580        239       2     2       1
             DEC  22   50073.22  -1591  1599        240       2     2       1
             DEC  23   50074.14  -1611  1633        246       4     3       2
             DEC  24   50075.27  -1601  1673        262       5     4       4
  
             DEC  26   50077.64  -1661  1768        285       3     3       1
             DEC  28   50079.05  -1702  1792        277       2     2       3
             DEC  28   50079.50  -1711  1804        270       1     1       2
             DEC  29   50080.03  -1728  1815        253       1     1       1
             DEC  29   50080.46  -1731  1830        247       1     1       1
  
             DEC  30   50081.21  -1733  1859        231       1     1       1
             DEC  31   50082.71  -1754  1900        190       3     2       1
             JAN   2   50084.84  -1766  1953        166       5     3       2
             JAN   3   50085.53  -1784  1970        171       3     2       2
             JAN   4   50086.15  -1806  1982        161       2     2       1
  
             JAN   4   50086.68  -1816  2006        157       2     2       2
             JAN   5   50087.72  -1826  2068        142       2     2       1
             JAN   7   50089.03  -1854  2111        157       2     2       1
             JAN   8   50090.46  -1879  2140        186       2     1       1
             JAN   9   50091.32  -1884  2151        197       2     1       1
  
             JAN  10   50092.30  -1902  2175        192       2     1       1
             JAN  11   50093.28  -1929  2206        200       1     1       1
             JAN  11   50093.99  -1943  2228        195       1     1       1
             JAN  12   50094.68  -1959  2248        197       1     1       1
             JAN  13   50095.74  -1982  2278        193       1     1       1
  
             JAN  15   50097.22  -2003  2325        218       1     1       1
             JAN  16   50098.14  -2009  2348        187       1     1       1
             JAN  16   50098.97  -2019  2366        171       1     1       1
             JAN  17   50099.56  -2029  2388        180       1     1       1
             JAN  18   50100.81  -2041  2445        177       1     1       1
  
             JAN  19   50101.83  -2060  2483        180       2     1       1
             JAN  21   50103.18  -2083  2530        199       2     1       1
             JAN  21   50103.92  -2098  2549        210       2     1       1
             JAN  23   50105.29  -2117  2575        216       3     3       3
             JAN  24   50106.25  -2131  2621          0       2     1       0
  
             JAN  24   50106.99  -2139  2654          0       2     1       0
             JAN  25   50107.87  -2144  2690          0       2     1       0
             JAN  26   50108.67  -2145  2722          0       2     1       0
             JAN  27   50109.71  -2158  2758          0       1     1       0
             JAN  28   50110.89  -2177  2797          0       2     1       0
  
             JAN  30   50112.25  -2203  2855          0       2     2       0
  
  
         7-o - Satellite Laser Ranging :  LAGEOS -EOP(MCC)  94 L 01 
                Units : 0.0001" for x,y, 0.00001s for UT1.
  
               Date                                         Uncertainties
             1995/96     MJD        x     y          D        x     y       D
  
             DEC   1   50052.00   -895  1100        272       3     2       1
             DEC   4   50055.00  -1050  1147        217       4     3       2
             DEC   7   50058.00  -1164  1212        222       4     3       2
             DEC  10   50061.00  -1246  1280        213       2     2       1
             DEC  13   50064.00  -1351  1322        245       3     5       2
  
             DEC  16   50067.00  -1425  1424        260       2     2       3
             DEC  19   50070.00  -1490  1539        252       3     2       2
             DEC  22   50073.00  -1557  1609        253       4     3       2
             DEC  25   50076.00  -1640  1724        312       2     3       5
             DEC  28   50079.00  -1688  1812        257       2     1       2
  
             DEC  31   50082.00  -1748  1900        217       3     2       2
             JAN   3   50085.00  -1747  1968        175       6     3       3
             JAN   6   50088.00  -1826  2098        156       3     2       1
             JAN   9   50091.00  -1867  2154        186       3     2       1
             JAN  12   50094.00  -1927  2252        195       2     1       1
  
             JAN  15   50097.00  -1996  2340        186       1     1       1
             JAN  18   50100.00  -2018  2419        167       2     1       2
             JAN  21   50103.00  -2073  2541        189       2     2       2
             JAN  24   50106.00  -2111  2638        196       3     2       2
