                                                                BULLETIN B  95
                                                                3 January 1996  
  
    Contents described in the Explanatory Supplement, mailed with Bulletin B85    
  
 1 - EARTH ORIENTATION PARAMETERS (IERS evaluation)
     The values in this section are samplings of section 2 given at five-day
     intervals.
  
    Date    MJD     x       y    UT1R-UTC    UT1R-TAI     dPsi    dEpsilon
    1995/96         "       "        s           s        0.001"   0.001"
     (0h UTC)
  
 Final Bulletin B values
  
  NOV   3  50024  0.0183  0.0824 -0.29683   -29.29683    -32.1     -6.2
  NOV   8  50029 -0.0002  0.0839 -0.30917   -29.30917    -31.7     -6.1
  NOV  13  50034 -0.0188  0.0857 -0.32113   -29.32113    -30.1     -6.6
  NOV  18  50039 -0.0378  0.0908 -0.33356   -29.33356    -30.3     -5.8
  NOV  23  50044 -0.0583  0.0972 -0.34671   -29.34671    -30.4     -5.6
  
  NOV  28  50049 -0.0763  0.1044 -0.35977   -29.35977    -29.6     -5.8
  DEC   3  50054 -0.1001  0.1128 -0.37241   -29.37241    -30.6     -5.1
  
 Preliminary extension, to be updated  weekly in Bulletin A and monthly
  in Bulletin B.
  
  DEC   8  50059 -0.1198  0.1226 -0.38486   -29.38486    -29.6     -5.4
  DEC  13  50064 -0.1358  0.1330 -0.39744   -29.39744    -28.6     -5.3
  DEC  18  50069 -0.1480  0.1479 -0.40988   -29.40988    -29.2     -4.7
  
  DEC  23  50074 -0.1590  0.1629 -0.42215   -29.42215    -29.0     -4.8
  DEC  28  50079 -0.1676  0.1796 -0.43456   -29.43456    -30.1     -4.2
  JAN   2  50084 -0.1845  0.1929  0.55241   -29.44759    -31.1     -4.7
  JAN   7  50089 -0.1945  0.2094  0.53996   -29.46004    -29.4     -4.7
  JAN  12  50094 -0.2034  0.2265  0.52749   -29.47251    -30.5     -4.2
  
  JAN  17  50099 -0.2109  0.2442  0.51497   -29.48503    -31.0     -4.9
  JAN  22  50104 -0.2171  0.2623  0.50237   -29.49763    -29.8     -4.6
  JAN  27  50109 -0.2219  0.2808  0.48967   -29.51033    -31.3     -4.5
  FEB   1  50114 -0.2253  0.2996  0.47683   -29.52317    -30.4     -5.3
  FEB   6  50119 -0.2273  0.3185  0.46383   -29.53617    -29.9     -4.8
  
  FEB  11  50124 -0.2278  0.3375  0.45066   -29.54934    -31.5     -5.2
  FEB  16  50129 -0.2268  0.3564  0.43731   -29.56269    -30.3     -5.8
  FEB  21  50134 -0.2244  0.3751  0.42376   -29.57624    -30.7     -5.4
  FEB  26  50139 -0.2205  0.3935  0.41000   -29.59000    -31.3     -6.2
  MAR   2  50144 -0.2152  0.4115  0.39605   -29.60395    -29.4     -6.4
  
 Note. In UT1R, the effects of zonal tides with periods shorter than 35 days are
 removed; UT1-UT1R (smaller than 0.0025s in absolute value) should be added 
 after quadratic interpolation of UT1R. Section 2 of this Bulletin gives the 
 daily interpolation of x, y, UT1, duration of day, dPsi, and dEpsilon.
  

 2 - SMOOTHED VALUES OF X, Y, UT1, D, DPSI, DEPSILON (IERS EVALUATION)
 at one-day intervals. For smoothing characteristics, see Fig.1 in
 the explanatory supplement. The reference system is described in 
 the 1994 IERS Annual Report.
    1995     MJD       x        y    UT1-UTC  UT1-UT1R   D   dPsi dEpsilon
    (0 h UTC)          "        "       s        ms     ms   0.001" 0.001"

  NOV   1   50022   0.0250   0.0817  -0.29210  -0.26   2.67  -32.2   -6.6
  NOV   2   50023   0.0218   0.0821  -0.29482  -0.49   2.74  -32.1   -6.4
  NOV   3   50024   0.0183   0.0824  -0.29757  -0.74   2.75  -32.1   -6.2
  NOV   4   50025   0.0149   0.0827  -0.30030  -0.97   2.69  -32.1   -6.1
  NOV   5   50026   0.0112   0.0830  -0.30293  -1.13   2.58  -32.2   -6.0
  NOV   6   50027   0.0076   0.0833  -0.30545  -1.18   2.45  -32.2   -6.1
  NOV   7   50028   0.0037   0.0836  -0.30783  -1.10   2.31  -32.0   -6.1
  NOV   8   50029  -0.0002   0.0839  -0.31007  -0.90   2.18  -31.7   -6.1
  NOV   9   50030  -0.0041   0.0843  -0.31220  -0.61   2.08  -31.5   -6.4
  NOV  10   50031  -0.0078   0.0846  -0.31425  -0.24   2.01  -31.2   -6.5
  NOV  11   50032  -0.0115   0.0849  -0.31624   0.15   1.99  -30.7   -6.6
  NOV  12   50033  -0.0152   0.0853  -0.31823   0.53   2.01  -30.4   -6.7
  NOV  13   50034  -0.0188   0.0857  -0.32027   0.86   2.09  -30.1   -6.6
  NOV  14   50035  -0.0223   0.0863  -0.32243   1.11   2.22  -29.9   -6.6
  NOV  15   50036  -0.0258   0.0871  -0.32472   1.25   2.38  -29.9   -6.4
  NOV  16   50037  -0.0295   0.0881  -0.32718   1.28   2.54  -30.0   -6.2
  NOV  17   50038  -0.0336   0.0894  -0.32980   1.19   2.69  -30.1   -5.9
  NOV  18   50039  -0.0378   0.0908  -0.33256   1.00   2.81  -30.3   -5.8
  NOV  19   50040  -0.0421   0.0922  -0.33541   0.74   2.88  -30.5   -5.6
  NOV  20   50041  -0.0463   0.0936  -0.33831   0.47   2.89  -30.7   -5.5
  NOV  21   50042  -0.0504   0.0948  -0.34118   0.23   2.85  -30.6   -5.6
  NOV  22   50043  -0.0544   0.0960  -0.34400   0.06   2.77  -30.5   -5.6
  NOV  23   50044  -0.0583   0.0972  -0.34672  -0.01   2.68  -30.4   -5.6
  NOV  24   50045  -0.0619   0.0983  -0.34937  -0.01   2.62  -30.2   -5.8
  NOV  25   50046  -0.0654   0.0996  -0.35198   0.00   2.62  -29.9   -5.9
  NOV  26   50047  -0.0689   0.1010  -0.35463  -0.03   2.67  -29.8   -5.9
  NOV  27   50048  -0.0724   0.1026  -0.35733  -0.14   2.74  -29.6   -5.9
  NOV  28   50049  -0.0763   0.1044  -0.36011  -0.34   2.80  -29.6   -5.8
  NOV  29   50050  -0.0806   0.1061  -0.36292  -0.59   2.83  -29.8   -5.7
  NOV  30   50051  -0.0853   0.1078  -0.36574  -0.87   2.80  -30.0   -5.6
  DEC   1   50052  -0.0903   0.1095  -0.36851  -1.11   2.73  -30.2   -5.4
  DEC   2   50053  -0.0953   0.1112  -0.37119  -1.28   2.63  -30.4   -5.2
  DEC   3   50054  -0.1001   0.1128  -0.37376  -1.34   2.51  -30.6   -5.1
  DEC   4   50055  -0.1047   0.1146  -0.37620  -1.29   2.38  -30.6   -5.2
  DEC   5   50056  -0.1090   0.1165  -0.37852  -1.11   2.26  -30.6   -5.2
  DEC   6   50057  -0.1130   0.1185  -0.38072  -0.83   2.16  -30.3   -5.2
  DEC   7   50058  -0.1165   0.1206  -0.38285  -0.47   2.10  -30.1   -5.4
  DEC   8   50059  -0.1198   0.1226  -0.38494  -0.07   2.09  -29.6   -5.4
  DEC   9   50060  -0.1229   0.1245  -0.38704   0.32   2.12  -29.3   -5.5
  DEC  10   50061  -0.1260   0.1265  -0.38919   0.68   2.19  -29.0   -5.5
  DEC  11   50062  -0.1294   0.1285  -0.39142   0.97   2.28  -28.6   -5.5
  DEC  12   50063  -0.1327   0.1306  -0.39375   1.17   2.38  -28.6   -5.4
  DEC  13   50064  -0.1358   0.1330  -0.39618   1.26   2.48  -28.6   -5.3
  DEC  14   50065  -0.1387   0.1357  -0.39871   1.25   2.57  -28.8   -5.1
  DEC  15   50066  -0.1412   0.1387  -0.40132   1.14   2.64  -28.9   -5.0
  DEC  16   50067  -0.1434   0.1417  -0.40398   0.96   2.68  -29.1   -4.8
  DEC  17   50068  -0.1457   0.1448  -0.40666   0.75   2.69  -29.2   -4.8
  DEC  18   50069  -0.1480   0.1479  -0.40934   0.54   2.66  -29.2   -4.7
  DEC  19   50070  -0.1504   0.1509  -0.41196   0.37   2.59  -29.1   -4.8
  DEC  20   50071  -0.1529   0.1538  -0.41452   0.28   2.52  -29.2   -4.8
  DEC  21   50072  -0.1552   0.1568  -0.41701   0.24   2.46  -29.2   -4.9
  DEC  22   50073  -0.1573   0.1598  -0.41946   0.24   2.46  -29.1   -4.9
  DEC  23   50074  -0.1590   0.1629  -0.42195   0.20   2.52  -29.0   -4.8
  DEC  24   50075  -0.1606   0.1661  -0.42452   0.07   2.63  -29.0   -4.7
  DEC  25   50076  -0.1624   0.1694  -0.42721  -0.16   2.76  -29.1   -4.6
  DEC  26   50077  -0.1641   0.1729  -0.43002  -0.47   2.84  -29.3   -4.4
  DEC  27   50078  -0.1657   0.1763  -0.43287  -0.82   2.85  -29.6   -4.3
  DEC  28   50079  -0.1676   0.1796  -0.43570  -1.14   2.79  -30.1   -4.2
  DEC  29   50080  -0.1696   0.1828  -0.43843  -1.38   2.69  -30.4   -4.2
  DEC  30   50081  -0.1718   0.1860  -0.44107  -1.50   2.59  -30.8   -4.2
  DEC  31   50082  -0.1741   0.1893  -0.44360  -1.49   2.47  -31.1   -4.3
  
  
 3 - NORMAL VALUES OF THE EARTH ORIENTATION PARAMETERS AT FIVE-DAY INTERVALS 
       (IERS evaluation).
  
                        Raw normal values                     Uncertainties
  
  
   1995   MJD     x        y     UT1-UTC   dPsi  dEps     x    y   UT1 dPsi dEps
    (0 h UTC)     "        "        s        0.001"       0.001" 0.0001s  0.001"
  
 NOV  3 50024  0.01806  0.08271 -0.297570 -31.99 -5.83  0.11 0.10 0.06 0.22 0.13
 NOV  8 50029 -0.00015  0.08409 -0.310090 -31.61 -6.08  0.11 0.09 0.07 0.23 0.15
 NOV 13 50034 -0.01894  0.08571 -0.320261 -29.70 -6.22  0.13 0.10 0.06 0.18 0.12
 NOV 18 50039 -0.03727  0.09076 -0.332571    -     -    0.11 0.11 0.11  -    -  
 NOV 23 50044 -0.05932  0.09731 -0.346704 -30.31 -5.51  0.15 0.10 0.06 0.19 0.13
  
 NOV 28 50049 -0.07597  0.10444 -0.360115 -29.96 -6.22  0.13 0.13 0.07 0.23 0.15
 DEC  3 50054 -0.09937  0.11347 -0.373754    -     -    0.15 0.14 0.11  -    -  
 DEC  8 50059 -0.12063  0.12204 -0.384945 -30.30 -6.01  0.14 0.11 0.07 0.19 0.13
 DEC 13 50064 -0.13614  0.13238 -0.396201 -28.66 -5.36  0.13 0.12 0.07 0.17 0.12
 DEC 18 50069 -0.14992  0.14747 -0.409314 -29.31 -5.00  0.15 0.19 0.10 0.29 0.26
  
 DEC 23 50074 -0.16037  0.16304 -0.421965    -     -    0.18 0.17 0.20  -    -  
 DEC 28 50079 -0.16702  0.18116      -       -     -    1.00 1.00  -    -    -  
  
  
 4 - DURATION OF THE DAY AND ANGULAR VELOCITY OF THE EARTH (IERS evaluation)
    The data  of this section are smoothed, with the same characteristics as 
 UT1R in section 1. They are corrected for the effects of zonal tides with 
 periods up to 35 days.Section 2  gives the daily interpolation of D.
  
        Date (0h UTC)             DR               OmegaR   
        1995    MJD               s             (microrad/s)
                             
  
      NOV  3   50024            0.00250         72.921  14935
      NOV  8   50029            0.00244                 14941
      NOV 13   50034            0.00239                 14945
      NOV 18   50039            0.00259                 14928
      NOV 23   50044            0.00265                 14923
  
      NOV 28   50049            0.00257                 14929
   
   
  
  5 - INFORMATION ON TIME SCALES (reproduced from IERS Bulletins C and D)       
                                                                                
      UTC-TAI :                                                                 
                   A POSITIVE LEAP SECOND WILL BE INTRODUCED                    
                   IN  UTC-TAI  AT THE END OF DECEMBER 1995.                    
                                                                                
      From 1994 July    1, 0hUTC, through 1995 December 31, UTC-TAI=-29s exactly
      From 1996 January 1, 0hUTC, until further notice,     UTC-TAI=-30s exactly
                                                                                
      DUT1(UT1-UTC) transmitted with time signals :                             
                                                                                
      From 1996  January   1, 0hUTC, through 1996 February 21 ,DUT1= +0.5s      
      From 1996  February 22, 0hUTC, until  further  notice   ,DUT1= +0.4s      
                                                                                   
   
 6 - SUMMARY OF CONTRIBUTED EARTH ORIENTATION PARAMETERS SERIES
     This section gives the average precision of the individual series
 contributing to the combination and their average agreement with it. The 
 periods covered start at  the beginning of the first month in Section 1 
 and end with the last available value in the individual series considered.
     The complete list of measurements is available in the electronic-mailed
 version of Bulletin B in section 7.

    Units : 0.001" for x,y ,  0.0001s for UT1, 0.001" for dPsi, dEpsi.

--------------------------------------------------------------------------------
  EOP series                         Mean  formal  uncertainty
  Periods covered                    Weighted RMS agreement with Bulletin B
--------------------------------------------------------------------------------
                                                                      Data
                                        x     y     UT   dPsi  dEps   Number
 VLBI
   EOP(JPL)  95 R 01 Au-Ca              -     -    2.79   -     -         7
   50021.59 to 50070.53                 -     -    2.53   -     -  

   EOP(JPL)  95 R 01 Sp-Ca              -     -    0.47   -     -         3
   50027.24 to 50061.14                 -     -    0.76   -     -  

   EOP(USNO) 95 R 04                   0.07  0.06  0.04  0.12  0.05       8
   50022.25 to 50071.25                0.39  0.15  0.21  0.17  0.63

   EOP(USNO) 95 R 05                    -     -    0.16   -     -        31
   50022.87 to 50072.73                 -     -    0.26   -     -  

 LLR 
   EOP(UTXMO)95 M 01 Cerga              -     -    1.73   -     -         7
   50021.79 to 50054.88                 -     -    4.32   -     -  

   EOP(UTXMO)95 M 01 TLRS               -     -    2.86   -     -        16
   50022.12 to 50067.53                 -     -    1.10   -     -  

 GPS 
   EOP(CODE) 95 P 01                   0.03  0.03   -     -     -        54
   50021.50 to 50074.50                0.29  0.30   -     -     -  

   EOP(EMR)  95 P 01                   0.09  0.10   -     -     -        54
   50021.50 to 50074.50                0.40  0.56   -     -     -  

   EOP(ESOC) 95 P 01                   0.08  0.08   -     -     -        54
   50021.50 to 50074.50                0.41  0.55   -     -     -  

   EOP(GFZ)  95 P 01                   0.02  0.02   -     -     -        54
   50021.50 to 50074.50                0.27  0.24   -     -     -  

   EOP(JPL)  95 P 01                   0.05  0.05   -     -     -        47
   50021.50 to 50067.50                0.24  0.23   -     -     -  

   EOP(NOAA) 95 P 02                   0.03  0.03   -     -     -        48
   50021.50 to 50068.50                0.49  0.45   -     -     -  

   EOP(SIO)  95 P 01                   0.11  0.11   -     -     -        54
   50021.50 to 50074.50                0.38  0.44   -     -     -  

 SLR 
   EOP(CSR)  95 L 01                   1.03  1.26  0.66   -     -        16
   50021.86 to 50066.76                0.40  0.29  0.51   -     -  

   EOP(DUT)  93 L 03                   0.18  0.16   -     -     -        16
   50025.00 to 50073.00                0.48  0.47   -     -     -  

   EOP(IAA)  95 L 07                   0.17  0.18   -     -     -        57
   50021.32 to 50078.14                0.56  0.52   -     -     -  

   EOP(MCC)  94 L 01                   0.10  0.07   -     -     -        13
   50022.00 to 50058.00                0.88  0.51   -     -     -  

   
   
 7 - INDIVIDUAL SERIES OF EARTH ORIENTATION PARAMETERS
     The series listed hereafter,obtained  by the IERS Operational Centres,
 have been used for the evaluations of Section 1. They are described in 
 IERS Annual Report or in the IERS Technical Notes .
  
  
         7-a- Very Long Base Radio Interferometry - EOP(JPL)  95 R 01 
               Units : 0.0001" for Latitude , 0.00001s for UT0.
  
               Date                                     Uncertainties
               1995      MJD         Lat.    UT0-UTC    Lat.  UT0-UTC
  
            Baseline : Australia-California

             OCT  31   50021.59      -854    -29099       9     33
             NOV   7   50028.54      -815    -30749       3     14
             NOV  15   50036.61      -769    -32302       2      9
             NOV  21   50042.60      -781    -33768       8     62
             DEC   5   50056.45      -861    -36978      21     57

             DEC  12   50063.54      -895    -38448       2      9
             DEC  19   50070.53     -1052    -40135       3     11
  
            Baseline : Spain-California

             NOV   6   50027.24      -345    -30585      12      5
             NOV  26   50047.19     -1099    -35513      11      5
             DEC  10   50061.14     -1736    -38934       9      4
  
  
     7-b - Very Long Base Radio Interferometry - EOP(USNO) 95 R 04 
       Units : 0.0001" for x,y , 0.00001s for UT1 ,0.0001" for dPsi,dEpsi.
  
     Date                                                    Uncertainties
     1995     MJD       x     y   UT1-UTC dPsi dEpsi   x   y  UT1-UTC  dPsi dEpsi
  
   NOV   1  50022.25   236   803  -29273 -324 -68      1   1      1      1    1
   NOV   8  50029.25   -18   827  -31058 -314 -65      1   1      1      1    1
   NOV  15  50036.25  -265   857  -32529 -298 -67      1   1      1      1    1
   NOV  22  50043.25  -555   947  -34466 -303 -58      1   1      1      1    1
   NOV  29  50050.25  -817  1049  -36360 -296 -60      1   1      1      1    1
  
   DEC   6  50057.25 -1142  1176  -38124 -301 -55      1   1      1      1    1
   DEC  13  50064.25 -1373  1319  -39678 -285 -56      1   1      1      1    1
   DEC  20  50071.25 -1537  1528  -41512 -286 -51      1   1      1      2    1
  
  
     7-c - Very Long Base Radio Interferometry - EOP(USNO) 95 R 05 
       Units : 0.0001" for x,y , 0.00001s for UT1 ,0.0001" for dPsi,dEpsi.
  
     Date                                                    Uncertainties
     1995     MJD       x     y   UT1-UTC dPsi dEpsi   x   y  UT1-UTC  dPsi dEpsi
  
   NOV   1  50022.87              -29444                          1            
   NOV   2  50023.87              -29721                          1            
   NOV   3  50024.86              -29991                          1            
   NOV   4  50025.86              -30258                          1            
   NOV   6  50027.86              -30744                          1            
  
   NOV   8  50029.85              -31193                          1            
   NOV   9  50030.85              -31395                          1            
   NOV  10  50031.85              -31593                          1            
   NOV  11  50032.85              -31791                          2            
   NOV  12  50033.08              -31834                          2            
  
   NOV  13  50034.84              -32204                          1            
   NOV  15  50036.83              -32672                          1            
   NOV  16  50037.83              -32934                          1            
   NOV  17  50038.83              -33206                          1            
   NOV  20  50041.82              -34063                          1            
  
   NOV  22  50043.81              -34618                          1            
   NOV  24  50045.81              -35146                          1            
   NOV  27  50048.80              -35950                          1            
   NOV  30  50051.79              -36791                          1            
   DEC   1  50052.79              -37062                          1            
  
   DEC   2  50053.78              -37314                          1            
   DEC   7  50058.77              -38443                          1            
   DEC   8  50059.77              -38649                          2            
   DEC   9  50060.77              -38866                          2            
   DEC  11  50062.76              -39317                          2            
  
   DEC  14  50065.76              -40072                          2            
   DEC  15  50066.75              -40333                          1            
   DEC  16  50067.75              -40595                          1            
   DEC  16  50067.99              -40662                         10            
   DEC  18  50069.74              -41124                          1            
  
   DEC  21  50072.73              -41877                          1            


         7-d - Lunar Laser Ranging - EOP(UTXMO)95 M 01 
               (UNIT : 0.00001s for UT0-UTC)
  
               Date                           Uncertainties
               1995      MJD          UT0-UTC   UTO-UTC    STATION  REFLECTOR
  
             NOV   1    50022.122     -29460      18        TLR      HAD
             NOV   2    50023.110     -29709      39        TLR      TRA
             NOV   2    50023.114     -29727      14        TLR      HAD
             NOV   2    50023.117     -29722      32        TLR      FRM
             NOV   2    50023.884     -29184       8        CER      HAD
  
             NOV   2    50023.892     -29184      13        CER      FRM
             NOV   2    50023.908     -29198      24        CER      TRA
             NOV   3    50024.162     -29980      31        TLR      HAD
             NOV  12    50033.410     -31967      14        TLR      HAD
             NOV  14    50035.493     -32391      17        TLR      HAD
  
             NOV  15    50036.491     -32599      54        TLR      HAD
             NOV  30    50051.141     -36437      26        TLR      HAD
             DEC   1    50052.073     -36672      38        TLR      HAD
             DEC   1    50052.882     -36456       8        CER      HAD
             DEC   1    50052.884     -36454      12        CER      FRM
  
             DEC   2    50053.124     -36938      21        TLR      HAD
             DEC   3    50054.136     -37180      14        TLR      HAD
             DEC   3    50054.137     -37188      43        TLR      FRM
             DEC   3    50054.882     -36940      26        CER      HAD
             DEC   4    50055.225     -37425      18        TLR      HAD
  
             DEC  11    50062.436     -38930      22        TLR      HAD
             DEC  16    50067.533     -40174      56        TLR      HAD
  
  
         7 -e - EOP(CODE) 95 P 01 
                Units : 0.0001" for x,y, 0.00001s for UT1 and D.
  
     Date                                                        Uncertainties
     1995      MJD        x       y     UT1-UTC   Passes  Span   x    y  UT1-UTC
                                                          hours
  
   NOV   1   50022.50    230     815    -27868     25            1    1     1
   NOV   2   50023.50    199     819    -28141     25            1    1     1
   NOV   3   50024.50    163     822    -28411     25            1    1     1
   NOV   4   50025.50    125     826    -28671     25            1    1     1
   NOV   5   50026.50     86     829    -28923     25            1    1     1
  
   NOV   6   50027.50     48     832    -29166     25            1    1     1
   NOV   7   50028.50     13     835    -29398     25            1    1     1
   NOV   8   50029.50    -24     841    -29618     25            1    1     1
   NOV   9   50030.50    -62     847    -29823     25            1    1     1
   NOV  10   50031.50    -99     848    -30018     25            1    1     1
  
   NOV  11   50032.50   -139     850    -30212     25            1    1     1
   NOV  12   50033.50   -173     855    -30408     25            1    1     1
   NOV  13   50034.50   -210     859    -30613     25            1    1     1
   NOV  14   50035.50   -242     867    -30836     25            1    1     1
   NOV  15   50036.50   -279     880    -31077     25            1    1     1
  
   NOV  16   50037.50   -316     892    -31332     25            1    1     1
   NOV  17   50038.50   -360     904    -31598     25            1    1     1
   NOV  18   50039.50   -405     916    -31874     25            1    1     1
   NOV  19   50040.50   -446     929    -32159     25            1    1     1
   NOV  20   50041.50   -485     942    -32447     25            1    1     1
  
   NOV  21   50042.50   -526     956    -32730     24            1    1     1
   NOV  22   50043.50   -567     968    -33006     24            1    1     1
   NOV  23   50044.50   -605     979    -33274     24            1    1     1
   NOV  24   50045.50   -641     991    -33541     24            1    1     1
   NOV  25   50046.50   -674    1008    -33808     24            1    1     1
  
   NOV  26   50047.50   -709    1024    -34078     24            1    1     1
   NOV  27   50048.50   -745    1035    -34350     24            1    1     1
   NOV  28   50049.50   -783    1050    -34629     24            1    1     1
   NOV  29   50050.50   -830    1068    -34911     24            1    1     1
   NOV  30   50051.50   -878    1087    -35189     24            1    1     1
  
   DEC   1   50052.50   -932    1104    -35462     24            1    1     1
   DEC   2   50053.50   -980    1118    -35726     24            1    1     1
   DEC   3   50054.50  -1025    1134    -35981     24            1    1     1
   DEC   4   50055.50  -1068    1153    -36224     24            1    1     1
   DEC   5   50056.50  -1111    1174    -36454     24            1    1     1
  
   DEC   6   50057.50  -1150    1195    -36673     24            1    1     1
   DEC   7   50058.50  -1183    1216    -36884     24            1    1     1
   DEC   8   50059.50  -1215    1235    -37095     24            1    1     1
   DEC   9   50060.50  -1244    1254    -37309     24            1    1     1
   DEC  10   50061.50  -1273    1274    -37530     24            1    1     1
  
   DEC  11   50062.50  -1309    1294    -37759     24            1    1     1
   DEC  12   50063.50  -1344    1316    -37998     24            1    1     1
   DEC  13   50064.50  -1376    1342    -38247     24            1    1     1
   DEC  14   50065.50  -1403    1371    -38504     24            1    1     1
   DEC  15   50066.50  -1429    1399    -38764     24            1    1     1
  
   DEC  16   50067.50  -1453    1430    -39026     24            1    1     1
   DEC  17   50068.50  -1474    1462    -39291     24            1    1     1
   DEC  18   50069.50  -1494    1494    -39557     25            1    1     1
   DEC  19   50070.50  -1519    1523    -39821     25            1    1     1
   DEC  20   50071.50  -1543    1550    -40075     25            1    1     1
  
   DEC  21   50072.50  -1565    1577    -40314     25            1    1     1
   DEC  22   50073.50  -1583    1608    -40552     25            1    1     1
   DEC  23   50074.50  -1603    1641    -40801     25            1    1     1
  
  
         7 -f - EOP(EMR)  95 P 01 
                Units : 0.0001" for x,y, 0.00001s for UT1 and D.
  
     Date                                                        Uncertainties
     1995      MJD        x       y     UT1-UTC   Passes  Span   x    y  UT1-UTC
                                                          hours
  
   NOV   1   50022.50    227     822    -29907     25            1    1     2
   NOV   2   50023.50    197     826    -30186     25            1    1     2
   NOV   3   50024.50    164     829    -30460     25            1    1     2
   NOV   4   50025.50    129     837    -30728     25            1    1     2
   NOV   5   50026.50     88     836    -30981     25            1    1     2
  
   NOV   6   50027.50     50     838    -31229     25            1    1     2
   NOV   7   50028.50     13     842    -31467     25            1    1     2
   NOV   8   50029.50    -25     846    -31695     25            1    1     2
   NOV   9   50030.50    -63     851    -31907     25            1    1     2
   NOV  10   50031.50    -96     850    -32114     25            1    1     2
  
   NOV  11   50032.50   -134     855    -32313     25            1    1     2
   NOV  12   50033.50   -175     857    -32517     25            1    1     2
   NOV  13   50034.50   -211     869    -32724     25            1    1     2
   NOV  14   50035.50   -244     872    -32948     25            1    1     2
   NOV  15   50036.50   -273     883    -33190     25            1    1     2
  
   NOV  16   50037.50   -309     903    -33446     25            1    1     2
   NOV  17   50038.50   -358     903    -33717     25            1    1     2
   NOV  18   50039.50   -403     921    -33997     25            1    1     2
   NOV  19   50040.50   -440     934    -34285     25            1    1     2
   NOV  20   50041.50   -481     949    -34574     24            1    1     2
  
   NOV  21   50042.50   -525     959    -34858     24            1    1     2
   NOV  22   50043.50   -568     967    -35137     24            1    1     2
   NOV  23   50044.50   -610     970    -35403     24            1    1     2
   NOV  24   50045.50   -647     983    -35670     24            1    1     2
   NOV  25   50046.50   -678    1003    -35935     24            1    1     2
  
   NOV  26   50047.50   -719    1028    -36201     24            1    1     2
   NOV  27   50048.50   -749    1038    -36474     24            1    1     2
   NOV  28   50049.50   -789    1054    -36751     24            1    1     2
   NOV  29   50050.50   -835    1073    -37033     24            1    1     2
   NOV  30   50051.50   -885    1089    -37315     24            1    1     2
  
   DEC   1   50052.50   -935    1106    -37585     24            1    1     2
   DEC   2   50053.50   -983    1121    -37846     24            1    1     2
   DEC   3   50054.50  -1027    1136    -38095     24            1    1     2
   DEC   4   50055.50  -1070    1159    -38337     24            1    1     2
   DEC   5   50056.50  -1109    1182    -38567     24            1    1     2
  
   DEC   6   50057.50  -1152    1201    -38787     24            1    1     2
   DEC   7   50058.50  -1186    1220    -39000     24            1    1     2
   DEC   8   50059.50  -1217    1237    -39209     24            1    1     2
   DEC   9   50060.50  -1246    1256    -39421     24            1    1     2
   DEC  10   50061.50  -1272    1278    -39644     24            1    1     2
  
   DEC  11   50062.50  -1307    1300    -39876     24            1    1     2
   DEC  12   50063.50  -1347    1324    -40113     24            1    1     2
   DEC  13   50064.50  -1376    1349    -40363     24            1    1     2
   DEC  14   50065.50  -1405    1375    -40625     24            1    1     2
   DEC  15   50066.50  -1424    1404    -40891     24            1    1     2
  
   DEC  16   50067.50  -1449    1434    -41156     24            1    1     2
   DEC  17   50068.50  -1470    1468    -41423     24            1    1     2
   DEC  18   50069.50  -1490    1501    -41689     24            1    1     2
   DEC  19   50070.50  -1515    1532    -41950     24            1    1     2
   DEC  20   50071.50  -1538    1556    -42211     24            1    1     2
  
   DEC  21   50072.50  -1564    1586    -42460     24            1    1     2
   DEC  22   50073.50  -1582    1614    -42705     24            1    1     2
   DEC  23   50074.50  -1599    1645    -42957     24            1    1     2
  
  
         7 -g - EOP(ESOC) 95 P 01 
                Units : 0.0001" for x,y, 0.00001s for UT1 and D.
  
     Date                                                        Uncertainties
     1995      MJD        x       y         D     Passes  Span   x    y     D   
                                                          hours
  
   NOV   1   50022.50    232     823       273     25            1    1     1
   NOV   2   50023.50    202     825       279     25            1    1     1
   NOV   3   50024.50    167     826       270     25            1    1     1
   NOV   4   50025.50    129     831       258     25            1    1     1
   NOV   5   50026.50     88     834       250     25            1    1     1
  
   NOV   6   50027.50     47     837       238     25            1    1     1
   NOV   7   50028.50     13     839       228     25            1    1     1
   NOV   8   50029.50    -23     844       218     25            1    1     1
   NOV   9   50030.50    -65     852       202     25            1    1     1
   NOV  10   50031.50    -98     849       203     25            1    1     1
  
   NOV  11   50032.50   -135     854       205     25            1    1     1
   NOV  12   50033.50   -178     853       206     25            1    1     1
   NOV  13   50034.50   -211     862       215     25            1    1     1
   NOV  14   50035.50   -235     868       233     25            1    1     1
   NOV  15   50036.50   -275     877       249     25            1    1     1
  
   NOV  16   50037.50   -313     891       268     25            1    1     1
   NOV  17   50038.50   -360     902       278     25            1    1     1
   NOV  18   50039.50   -401     920       284     25            1    1     1
   NOV  19   50040.50   -443     933       291     25            1    1     1
   NOV  20   50041.50   -483     946       289     24            1    1     1
  
   NOV  21   50042.50   -525     960       281     24            1    1     1
   NOV  22   50043.50   -563     966       282     24            1    1     1
   NOV  23   50044.50   -608     974       273     24            1    1     1
   NOV  24   50045.50   -639     984       265     24            1    1     1
   NOV  25   50046.50   -672    1005       274     24            1    1     1
  
   NOV  26   50047.50   -709    1022       271     24            1    1     1
   NOV  27   50048.50   -741    1038       270     24            1    1     1
   NOV  28   50049.50   -778    1057       277     24            1    1     1
   NOV  29   50050.50   -819    1074       283     24            1    1     1
   NOV  30   50051.50   -874    1092       273     24            1    1     1
  
   DEC   1   50052.50   -930    1108       266     24            1    1     1
   DEC   2   50053.50   -983    1126       251     24            1    1     1
   DEC   3   50054.50  -1026    1140       246     24            1    1     1
   DEC   4   50055.50  -1067    1158       239     24            1    1     1
   DEC   5   50056.50  -1115    1177       224     24            1    1     1
  
   DEC   6   50057.50  -1151    1199       214     24            1    1     1
   DEC   7   50058.50  -1182    1217       208     24            1    1     1
   DEC   8   50059.50  -1212    1243       206     24            1    1     1
   DEC   9   50060.50  -1245    1256       216     24            1    1     1
   DEC  10   50061.50  -1273    1268       227     24            1    1     1
  
   DEC  11   50062.50  -1307    1296       227     24            1    1     1
   DEC  12   50063.50  -1342    1318       245     24            1    1     1
   DEC  13   50064.50  -1379    1343       254     24            1    1     1
   DEC  14   50065.50  -1399    1371       267     24            1    1     1
   DEC  15   50066.50  -1425    1400       265     24            1    1     1
  
   DEC  16   50067.50  -1454    1431       261     24            1    1     1
   DEC  17   50068.50  -1475    1461       266     24            1    1     1
   DEC  18   50069.50  -1489    1499       263     24            1    1     1
   DEC  19   50070.50  -1528    1537       262     24            1    1     1
   DEC  20   50071.50  -1538    1547       254     24            1    1     1
  
   DEC  21   50072.50  -1569    1583       249     24            1    1     1
   DEC  22   50073.50  -1587    1610       255     24            1    1     1
   DEC  23   50074.50  -1607    1642       257     24            1    1     1
  
  
         7 -h - EOP(GFZ)  95 P 01 
                Units : 0.0001" for x,y, 0.00001s for UT1 and D.
  
     Date                                                        Uncertainties
     1995      MJD        x       y         D     Passes  Span   x    y     D   
                                                          hours
  
   NOV   1   50022.50    231     819       275     25            1    1     3
   NOV   2   50023.50    200     821       272     25            1    1     3
   NOV   3   50024.50    166     825       266     25            1    1     3
   NOV   4   50025.50    129     829       256     25            1    1     4
   NOV   5   50026.50     91     832       249     25            1    1     4
  
   NOV   6   50027.50     52     835       238     25            1    1     4
   NOV   7   50028.50     15     837       230     25            1    1     4
   NOV   8   50029.50    -24     843       220     25            1    1     4
   NOV   9   50030.50    -64     846       206     25            1    1     4
   NOV  10   50031.50    -98     845       205     25            1    1     4
  
   NOV  11   50032.50   -138     851       205     25            1    1     4
   NOV  12   50033.50   -176     854       212     25            1    1     4
   NOV  13   50034.50   -214     862       221     25            1    1     4
   NOV  14   50035.50   -246     866       239     25            1    1     4
   NOV  15   50036.50   -277     879       256     25            1    1     4
  
   NOV  16   50037.50   -317     892       268     25            1    1     4
   NOV  17   50038.50   -361     902       279     25            1    1     4
   NOV  18   50039.50   -404     916       285     25            1    1     4
   NOV  19   50040.50   -442     929       287     25            1    1     4
   NOV  20   50041.50   -480     945       284     24            1    1     4
  
   NOV  21   50042.50   -526     954       280     23            1    1     4
   NOV  22   50043.50   -567     961       276     24            1    1     4
   NOV  23   50044.50   -606     969       268     24            1    1     4
   NOV  24   50045.50   -638     981       263     24            1    1     4
   NOV  25   50046.50   -674    1001       275     24            1    1     4
  
   NOV  26   50047.50   -709    1018       277     24            1    1     3
   NOV  27   50048.50   -746    1033       273     24            1    1     3
   NOV  28   50049.50   -782    1050       282     24            1    1     3
   NOV  29   50050.50   -827    1069       284     24            1    1     3
   NOV  30   50051.50   -880    1087       272     24            1    1     3
  
   DEC   1   50052.50   -933    1103       263     24            1    1     3
   DEC   2   50053.50   -982    1117       250     24            1    1     3
   DEC   3   50054.50  -1025    1133       241     24            1    1     3
   DEC   4   50055.50  -1069    1155       233     24            1    1     3
   DEC   5   50056.50  -1113    1174       225     24            1    1     3
  
   DEC   6   50057.50  -1151    1197       213     24            1    1     3
   DEC   7   50058.50  -1185    1217       208     23            1    1     3
   DEC   8   50059.50  -1215    1236       214     24            1    1     3
   DEC   9   50060.50  -1247    1256       222     24            1    1     3
   DEC  10   50061.50  -1272    1275       228     24            1    1     3
  
   DEC  11   50062.50  -1306    1295       239     24            1    1     3
   DEC  12   50063.50  -1346    1317       246     24            1    1     3
   DEC  13   50064.50  -1377    1346       261     24            1    1     3
   DEC  14   50065.50  -1403    1372       264     24            1    1     3
   DEC  15   50066.50  -1423    1401       262     24            1    1     3
  
   DEC  16   50067.50  -1451    1432       262     24            1    1     3
   DEC  17   50068.50  -1471    1463       267     24            1    1     3
   DEC  18   50069.50  -1492    1495       259     24            1    1     3
   DEC  19   50070.50  -1514    1529       261     24            1    1     3
   DEC  20   50071.50  -1541    1554       253     24            1    1     3
  
   DEC  21   50072.50  -1566    1582       245     24            1    1     3
   DEC  22   50073.50  -1586    1613       250     24            1    1     3
   DEC  23   50074.50  -1598    1647       261     24            1    1     3
  
  
         7 -i - EOP(JPL)  95 P 01 
                Units : 0.0001" for x,y, 0.00001s for UT1 and D.
  
     Date                                                        Uncertainties
     1995      MJD        x       y         D     Passes  Span   x    y     D   
                                                          hours
  
   NOV   1   50022.50    231     816       281     24            1    1     1
   NOV   2   50023.50    199     819       277     24            1    1     1
   NOV   3   50024.50    164     820       273     24            1    1     1
   NOV   4   50025.50    128     827       262     24            1    1     1
   NOV   5   50026.50     90     830       251     24            1    1     1
  
   NOV   6   50027.50     49     829       242     24            1    1     1
   NOV   7   50028.50     12     833       231     24            1    1     1
   NOV   8   50029.50    -24     838       215     24            1    1     1
   NOV   9   50030.50    -62     842       199     24            1    1     1
   NOV  10   50031.50    -96     842       194     25            1    1     1
  
   NOV  11   50032.50   -135     847       194     24            1    1     1
   NOV  12   50033.50   -173     851       200     24            1    1     1
   NOV  13   50034.50   -210     858       210     24            1    1     1
   NOV  14   50035.50   -243     864       226     24            1    1     1
   NOV  15   50036.50   -276     874       249     24            1    1     1
  
   NOV  16   50037.50   -315     887       263     24            1    1     1
   NOV  17   50038.50   -361     899       277     24            1    1     1
   NOV  18   50039.50   -406     916       286     24            1    1     1
   NOV  19   50040.50   -444     930       293     24            1    1     1
   NOV  20   50041.50   -482     940       288     24            1    1     1
  
   NOV  21   50042.50   -526     952       281     24            1    1     1
   NOV  22   50043.50   -568     963       276     24            1    1     1
   NOV  23   50044.50   -608     966       263     24            1    1     1
   NOV  24   50045.50   -640     980       264     24            1    1     1
   NOV  25   50046.50   -675     998       271     24            1    1     1
  
   NOV  26   50047.50   -709    1015       272     24            1    1     1
   NOV  27   50048.50   -746    1031       275     24            1    1     1
   NOV  28   50049.50   -783    1049       289     24            1    1     1
   NOV  29   50050.50   -828    1065       288     24            1    1     1
   NOV  30   50051.50   -878    1085       279     24            1    1     1
  
   DEC   1   50052.50   -933    1102       269     24            1    1     1
   DEC   2   50053.50   -982    1117       254     24            1    1     1
   DEC   3   50054.50  -1025    1132       248     24            1    1     1
   DEC   4   50055.50  -1070    1151       235     24            1    1     1
   DEC   5   50056.50  -1114    1173       226     24            1    1     1
  
   DEC   6   50057.50  -1154    1193       212     24            1    1     1
   DEC   7   50058.50  -1189    1212       208     24            1    1     1
   DEC   8   50059.50  -1220    1231       204     24            1    1     1
   DEC   9   50060.50  -1249    1250       214     24            1    1     1
   DEC  10   50061.50  -1275    1270       227     24            1    1     1
  
   DEC  11   50062.50  -1311    1291       234     24            1    1     1
   DEC  12   50063.50  -1347    1313       240     24            1    1     1
   DEC  13   50064.50  -1378    1339       256     24            1    1     1
   DEC  14   50065.50  -1406    1366       262     24            1    1     1
   DEC  15   50066.50  -1424    1398       265     24            1    1     1
  
   DEC  16   50067.50  -1449    1427       268     24            1    1     1
   DEC  17   50068.50  -1472    1460       268     24            1    1     1
   DEC  18   50069.50  -1494    1491       265     24            1    1     1
   DEC  19   50070.50  -1517    1523       265     25            1    1     1
   DEC  20   50071.50  -1541    1549       254     24            1    1     1
  
   DEC  21   50072.50  -1566    1576       244     24            1    1     1
   DEC  22   50073.50  -1586    1606       245     25            1    1     1
   DEC  23   50074.50  -1599    1640       251     25            1    1     1
  
  
         7 -j - EOP(NOAA) 95 P 02 
                Units : 0.0001" for x,y, 0.00001s for UT1 and D.
  
     Date                                                        Uncertainties
     1995      MJD        x       y      UT1-UTC  Passes  Span   x    y   UT1-UTC
                                                          hours
  
   NOV   1   50022.50    228     818               25            1    1      
   NOV   2   50023.50    197     808               25            1    1      
   NOV   3   50024.50    161     820               25            1    1      
   NOV   4   50025.50    129     821               25            1    1      
   NOV   5   50026.50     92     835               25            1    1      
  
   NOV   6   50027.50     52     829               25            1    1      
   NOV   7   50028.50     11     832               25            1    1      
   NOV   8   50029.50    -23     846               25            1    1      
   NOV   9   50030.50    -59     846               25            1    1      
   NOV  10   50031.50    -96     843               25            1    1      
  
   NOV  11   50032.50   -135     852               25            1    1      
   NOV  12   50033.50   -177     852               25            1    1      
   NOV  13   50034.50   -209     862               25            1    1      
   NOV  14   50035.50   -247     867               25            1    1      
   NOV  15   50036.50   -269     879               25            1    1      
  
   NOV  16   50037.50   -314     890               25            1    1      
   NOV  17   50038.50   -358     898               25            1    1      
   NOV  18   50039.50   -401     918               25            1    1      
   NOV  19   50040.50   -440     936               25            1    1      
   NOV  20   50041.50   -480     944               24            1    1      
  
   NOV  21   50042.50   -524     957               24            1    1      
   NOV  22   50043.50   -558     980               24            1    1      
   NOV  23   50044.50   -607     976               24            1    1      
   NOV  24   50045.50   -641     982               24            1    1      
   NOV  25   50046.50   -671    1001               24            1    1      
  
   NOV  26   50047.50   -704    1013               24            1    1      
   NOV  27   50048.50   -744    1029               24            1    1      
   NOV  28   50049.50   -782    1045               24            1    1      
   NOV  29   50050.50   -825    1062               24            1    1      
   NOV  30   50051.50   -878    1083               24            1    1      
  
   DEC   1   50052.50   -931    1102               24            1    1      
   DEC   2   50053.50   -982    1116               24            1    1      
   DEC   3   50054.50  -1021    1134               24            1    1      
   DEC   4   50055.50  -1068    1151               24            1    1      
   DEC   5   50056.50  -1108    1175               24            1    1      
  
   DEC   6   50057.50  -1150    1192               24            1    1      
   DEC   7   50058.50  -1185    1216               24            1    1      
   DEC   8   50059.50  -1214    1236               24            1    1      
   DEC   9   50060.50  -1239    1252               24            1    1      
   DEC  10   50061.50  -1266    1275               24            1    1      
  
   DEC  11   50062.50  -1307    1293               24            1    1      
   DEC  12   50063.50  -1343    1312               24            1    1      
   DEC  13   50064.50  -1374    1343               24            1    1      
   DEC  14   50065.50  -1397    1369               24            1    1      
   DEC  15   50066.50  -1422    1399               24            1    1      
  
   DEC  16   50067.50  -1448    1430               24            1    1      
   DEC  17   50068.50  -1472    1461               24            1    1      
  
  
         7 -k - EOP(SIO)  95 P 01 
                Units : 0.0001" for x,y, 0.00001s for UT1 and D.
  
     Date                                                        Uncertainties
     1995      MJD        x       y      UT1-UTC  Passes  Span   x    y   UT1-UTC
                                                          hours
  
   NOV   1   50022.50    232     825               25            1    1     
   NOV   2   50023.50    192     827               25            1    1      
   NOV   3   50024.50    152     829               25            1    1      
   NOV   4   50025.50    133     828               24            1    1      
   NOV   5   50026.50     88     831               25            1    1      
  
   NOV   6   50027.50     48     837               25            1    1      
   NOV   7   50028.50     10     837               25            1    1      
   NOV   8   50029.50    -27     837               25            1    1      
   NOV   9   50030.50    -62     844               25            1    1      
   NOV  10   50031.50    -99     844               25            1    1      
  
   NOV  11   50032.50   -136     843               25            1    1      
   NOV  12   50033.50   -168     859               24            1    1      
   NOV  13   50034.50   -205     862               25            1    1      
   NOV  14   50035.50   -241     866               25            1    1      
   NOV  15   50036.50   -281     879               25            1    1      
  
   NOV  16   50037.50   -319     889               25            1    1      
   NOV  17   50038.50   -362     903               25            1    1      
   NOV  18   50039.50   -405     919               24            1    1      
   NOV  19   50040.50   -442     929               25            1    1      
   NOV  20   50041.50   -483     942               24            1    1      
  
   NOV  21   50042.50   -524     953               24            1    1      
   NOV  22   50043.50   -567     961               24            1    1      
   NOV  23   50044.50   -607     969               24            1    1      
   NOV  24   50045.50   -643     983               24            1    1      
   NOV  25   50046.50   -675    1000               24            1    2      
  
   NOV  26   50047.50   -709    1017               24            1    1      
   NOV  27   50048.50   -744    1034               24            1    1      
   NOV  28   50049.50   -784    1052               24            1    1      
   NOV  29   50050.50   -831    1068               24            1    1      
   NOV  30   50051.50   -881    1085               24            1    1      
  
   DEC   1   50052.50   -933    1102               24            1    1      
   DEC   2   50053.50   -982    1116               24            1    2      
   DEC   3   50054.50  -1028    1131               24            1    1      
   DEC   4   50055.50  -1072    1150               24            1    1      
   DEC   5   50056.50  -1116    1171               24            1    1      
  
   DEC   6   50057.50  -1156    1192               24            1    1      
   DEC   7   50058.50  -1189    1211               24            1    1      
   DEC   8   50059.50  -1220    1231               24            1    1      
   DEC   9   50060.50  -1248    1250               24            2    2      
   DEC  10   50061.50  -1274    1270               24            1    2      
  
   DEC  11   50062.50  -1309    1289               24            1    1      
   DEC  12   50063.50  -1344    1313               24            1    1      
   DEC  13   50064.50  -1376    1340               24            1    1      
   DEC  14   50065.50  -1403    1367               24            1    1      
   DEC  15   50066.50  -1427    1397               24            1    1      

   DEC  16   50067.50  -1450    1429               24            1    1      
   DEC  17   50068.50  -1474    1460               24            1    1      
   DEC  18   50069.50  -1494    1492               24            1    1     
   DEC  19   50070.50  -1518    1520               24            1    1    
   DEC  20   50071.50  -1543    1546               24            1    1    
  
   DEC  21   50072.50  -1566    1573               25            1    1     
   DEC  22   50073.50  -1585    1605               25            1    1     
   DEC  23   50074.50  -1600    1640               25            1    1     
  
  
         7-l - Satellite Laser Ranging :  LAGEOS -EOP(CSR)  95 L 01 
                Units : 0.0001" for x,y, 0.00001s for UT1.
  
               Date                                         Uncertainties
               1995      MJD        x     y     UT1-UTC      x     y   UT1-UTC
  
             NOV   4   50025.03    142   834     -30038       3     4       3
             NOV   7   50028.05     30   836     -30792       3     3       2
             NOV   9   50030.83    -75   846     -31392       6     3       3
             NOV  13   50034.11   -198   858     -32051       6     3       4
             NOV  16   50037.01   -289   880     -32719       5     4       3
  
             NOV  19   50040.04   -426   921     -33558       3     3       3
             NOV  22   50043.05   -549   963     -34422       2     2       2
             NOV  24   50045.07   -646   991     -34979      21    13      14
             NOV  28   50049.27   -771  1053     -36083       7     6       4
             NOV  30   50051.55   -873  1090     -36736      10     6       5
  
             DEC   4   50055.74  -1085  1165     -37793      12    16      11
             DEC   6   50057.77  -1164  1199     -38240      12     9       6
             DEC  10   50061.22  -1269  1261     -38966       6     6       5
             DEC  13   50064.26  -1374  1328     -39685      18    11       7
             DEC  15   50066.76  -1399  1449     -40323      46   107      30
  
  
         7-m - Satellite Laser Ranging :  LAGEOS -EOP(DUT)  93 L 03 
                Units : 0.0001" for x,y, 0.00001s for UT1.
  
               Date                                         Uncertainties
               1995      MJD        x     y     UT1-UTC      x     y   UT1-UTC
  
             NOV   4   50025.00    156   838     -25931       1     1       1
             NOV   7   50028.00     48   846     -26686       1     1       1
             NOV  10   50031.00    -63   863     -27338       2     1       1
             NOV  13   50034.00   -177   879     -27921       2     1       1
             NOV  16   50037.00   -282   895     -28602       2     1       1
  
             NOV  19   50040.00   -413   939     -29428       1     1       1
             NOV  22   50043.00   -535   979     -30285       1     1       1
             NOV  25   50046.00   -648  1012     -31075       2     2       2
             NOV  28   50049.00   -753  1054     -31872       1     1       1
             DEC   4   50055.00  -1036  1165     -33482       2     2       1
  
             DEC   7   50058.00  -1154  1223     -34141       2     2       2
             DEC  10   50061.00  -1252  1273     -34755       2     2       2
             DEC  13   50064.00  -1355  1341     -35461       3     2       2
             DEC  16   50067.00  -1421  1426     -36241       2     3       2
             DEC  19   50070.00  -1490  1535     -37019       2     2       2
  
             DEC  22   50073.00  -1577  1606     -37782       2     2       2
             DEC  25   50076.00  -1630  1725     -38546       9    19       6
             DEC  28   50079.00  -1682  1806     -39377       1     1       1
  
  
         7-n - Satellite Laser Ranging :  LAGEOS -EOP(IAA)  95 L 07 
                Units : 0.0001" for x,y, 0.00001s for UT1.
  
               Date                                         Uncertainties
               1995      MJD        x     y          D        x     y       D
  
             NOV   1   50022.29    231   815        272       1     1       1
             NOV   1   50022.94    209   817        277       1     1       1
             NOV   3   50024.10    171   818        274       1     1       1
             NOV   3   50024.73    144   819        268       1     1       1
             NOV   4   50025.97    104   822        259       1     1       1
  
             NOV   5   50026.96     68   831        248       1     1       1
             NOV   7   50028.22     17   835        224       1     1       1
             NOV   8   50029.10    -20   843        219       1     1       1
             NOV   8   50029.96    -49   843        205       1     1       1
             NOV   9   50030.96    -92   846        204       1     1       1
  
             NOV  10   50031.99   -135   850        197       1     1       1
             NOV  11   50032.90   -165   854        197       1     1       1
             NOV  12   50033.87   -203   859        209       1     1       1
             NOV  13   50034.99   -239   863        225       1     1       1
             NOV  15   50036.01   -274   871        241       1     1       1
  
             NOV  16   50037.24   -312   889        259       1     1       1
             NOV  17   50038.01   -342   904        269       1     1       1
             NOV  17   50038.86   -378   914        286       1     1       1
             NOV  18   50039.79   -418   925        290       1     1       1
             NOV  20   50041.29   -480   942        287       1     1       1
  
             NOV  21   50042.39   -529   955        279       1     1       1
             NOV  22   50043.02   -557   961        278       1     1       1
             NOV  22   50043.77   -586   965        273       1     1       1
             NOV  23   50044.34   -604   973        274       1     1       1
             NOV  24   50045.35   -637   984        258       2     2       1
  
             NOV  26   50047.08   -698  1013        266       1     2       1
             NOV  27   50048.48   -748  1046        272       1     1       1
             NOV  28   50049.21   -776  1055        277       1     1       1
             NOV  28   50049.75   -797  1061        281       1     1       1
             NOV  29   50050.94   -848  1078        285       1     1       1
  
             NOV  30   50051.72   -891  1086        278       2     1       1
             DEC   1   50052.69   -942  1103        269       2     1       1
             DEC   2   50053.55   -986  1117        259       2     1       1
             DEC   3   50054.98  -1049  1143        240       3     2       1
             DEC   5   50056.29  -1107  1162        220       3     2       1
  
             DEC   5   50056.95  -1133  1178        213       3     3       2
             DEC   7   50058.29  -1181  1215        218       2     2       1
             DEC   8   50059.16  -1223  1232        210       2     2       1
             DEC   9   50060.03  -1248  1248        209       2     1       1
             DEC   9   50060.74  -1257  1261        216       2     1       1
  
             DEC  10   50061.77  -1290  1274        224       2     1       1
             DEC  11   50062.52  -1315  1293        235       2     2       1
             DEC  12   50063.76  -1352  1322        248       2     2       1
             DEC  14   50065.48  -1402  1363        262       2     1       1
             DEC  15   50066.30  -1425  1385        268       1     1       1
  
             DEC  15   50066.80  -1438  1399        269       1     1       1
             DEC  16   50067.48  -1452  1424        265       1     1       1
             DEC  17   50068.56  -1471  1463        268       2     1       1
             DEC  19   50070.02  -1500  1514        274       2     1       1
             DEC  20   50071.61  -1556  1547        246       2     1       1
  
             DEC  21   50072.27  -1583  1561        241       2     2       1
             DEC  21   50072.72  -1589  1580        239       2     2       1
             DEC  22   50073.19  -1597  1600        244       2     2       1
             DEC  23   50074.10  -1629  1633        251       5     3       2
             DEC  24   50075.26  -1620  1663        277       4     3       4
  
             DEC  27   50078.14  -1663  1780        242       9    28      18
  
  
         7-o - Satellite Laser Ranging :  LAGEOS -EOP(MCC)  94 L 01 
                Units : 0.0001" for x,y, 0.00001s for UT1.
  
               Date                                         Uncertainties
               1995      MJD        x     y          D        x     y       D
  
             NOV   1   50022.00    252   829        267       0     0       0
             NOV   4   50025.00    150   849        272       0     0       0
             NOV   7   50028.00     41   849        236       0     0       0
             NOV  10   50031.00    -77   864        196       0     0       0
             NOV  13   50034.00   -189   880        215       0     0       0
  
             NOV  16   50037.00   -279   894        248       0     0       0
             NOV  19   50040.00   -417   941        288       0     0       0
             NOV  22   50043.00   -543   977        277       0     0       0
             NOV  25   50046.00   -649  1017        249       1     0       1
             NOV  28   50049.00   -746  1058        269       0     0       0
  
             DEC   1   50052.00   -895  1100        272       3     2       1
             DEC   4   50055.00  -1050  1147        217       4     3       2
             DEC   7   50058.00  -1164  1212        222       4     3       2
             DEC  10   50061.00  -1246  1280        213       2     2       1
             DEC  13   50064.00  -1351  1322        245       3     5       2
  
             DEC  16   50067.00  -1425  1424        260       2     2       3
