                                                               BULLETIN B  99
                                                                   3 May 1996
  
  
    Contents described in the Explanatory Supplement, mailed with Bulletin B97
    
  
 1 - EARTH ORIENTATION PARAMETERS (IERS evaluation)
     The values in this section are samplings of section 2 given at five-day
     intervals.

  
    Date    MJD     x       y    UT1R-UTC    UT1R-TAI     dPsi    dEpsilon
    1996            "       "        s           s        0.001"   0.001"
     (0h UTC)
  
 Final Bulletin B values
  
  MAR   2  50144 -0.2164  0.4018  0.43810   -29.56190    -28.7     -7.2
  MAR   7  50149 -0.2071  0.4223  0.42617   -29.57383    -28.7     -7.2
  MAR  12  50154 -0.1998  0.4401  0.41368   -29.58632    -29.4     -7.6
  MAR  17  50159 -0.1911  0.4574  0.40259   -29.59741    -28.0     -7.9
  MAR  22  50164 -0.1770  0.4776  0.39216   -29.60784    -28.7     -7.9
  
  MAR  27  50169 -0.1660  0.4916  0.38107   -29.61893    -28.3     -8.3
  APR   1  50174 -0.1523  0.5064  0.36996   -29.63004    -27.5     -8.4
  
 Preliminary extension, to be updated  weekly in Bulletin A and monthly
  in Bulletin B.
  
  APR   6  50179 -0.1423  0.5182  0.35830   -29.64170    -29.2     -8.5
  APR  11  50184 -0.1294  0.5299  0.34639   -29.65361    -28.4     -8.9
  APR  16  50189 -0.1132  0.5433  0.33498   -29.66502    -27.5     -8.8
  
  APR  21  50194 -0.0980  0.5548  0.32399   -29.67601    -28.5     -9.4
  APR  26  50199 -0.0811  0.5638  0.31273   -29.68727    -27.4     -9.0
  MAY   1  50204 -0.0605  0.5727  0.30125   -29.69875    -28.5     -8.3
  MAY   6  50209 -0.0409  0.5795  0.28987   -29.71013    -28.4     -8.9
  MAY  11  50214 -0.0216  0.5843  0.27813   -29.72187    -27.7     -8.4
  
  MAY  16  50219 -0.0020  0.5877  0.26627   -29.73373    -29.6     -8.4
  MAY  21  50224  0.0178  0.5896  0.25446   -29.74554    -28.7     -8.8
  MAY  26  50229  0.0377  0.5901  0.24284   -29.75716    -28.8     -8.1
  MAY  31  50234  0.0575  0.5891  0.23154   -29.76846    -30.4     -8.5
  JUN   5  50239  0.0772  0.5867  0.22064   -29.77936    -29.6     -8.4
  
  JUN  10  50244  0.0966  0.5828  0.21016   -29.78984    -31.1     -7.8
  JUN  15  50249  0.1157  0.5775  0.20015   -29.79985    -32.2     -8.3
  JUN  20  50254  0.1342  0.5709  0.19061   -29.80939    -31.4     -8.0
  JUN  25  50259  0.1522  0.5628  0.18154   -29.81846    -33.5     -7.7
  JUN  30  50264  0.1695  0.5535  0.17291   -29.82709    -33.9     -8.1
                                                            
 Note. In UT1R, the effects of zonal tides with periods shorter than 35 days are
 removed; UT1-UT1R (smaller than 0.0025s in absolute value) should be added 
 after quadratic interpolation of UT1R. Section 2 of this Bulletin gives the 
 daily interpolation of x, y, UT1, duration of day, dPsi, and dEpsilon.
  

 2 - SMOOTHED VALUES OF X, Y, UT1, D, DPSI, DEPSILON (IERS EVALUATION)
 at one-day intervals. For smoothing characteristics, see Fig.1 in
 the explanatory supplement. The reference system is described in 
 the 1994 IERS Annual Report.
    1996     MJD       x        y    UT1-UTC  UT1-UT1R   D   dPsi    dEpsilon
    (0 h UTC)          "        "       s        ms     ms   0.001"   0.001"
  MAR   1   50143  -0.2181   0.3975   0.44074   0.30   1.95  -29.2   -7.1
  MAR   2   50144  -0.2164   0.4018   0.43868   0.58   2.08  -28.7   -7.2
  MAR   3   50145  -0.2144   0.4058   0.43657   0.76   2.18  -28.4   -7.2
  MAR   4   50146  -0.2127   0.4098   0.43432   0.84   2.34  -28.2   -7.1
  MAR   5   50147  -0.2108   0.4138   0.43189   0.81   2.50  -28.2   -7.1
  MAR   6   50148  -0.2090   0.4182   0.42934   0.71   2.59  -28.4   -7.2
  MAR   7   50149  -0.2071   0.4223   0.42673   0.56   2.59  -28.7   -7.2
  MAR   8   50150  -0.2059   0.4259   0.42416   0.41   2.57  -29.1   -7.3
  MAR   9   50151  -0.2043   0.4298   0.42160   0.29   2.58  -29.4   -7.3
  MAR  10   50152  -0.2030   0.4333   0.41901   0.25   2.55  -29.5   -7.4
  MAR  11   50153  -0.2018   0.4366   0.41649   0.28   2.47  -29.5   -7.5
  MAR  12   50154  -0.1998   0.4401   0.41406   0.37   2.39  -29.4   -7.6
  MAR  13   50155  -0.1986   0.4434   0.41170   0.49   2.28  -29.1   -7.6
  MAR  14   50156  -0.1971   0.4470   0.40948   0.58   2.18  -28.7   -7.8
  MAR  15   50157  -0.1951   0.4505   0.40733   0.59   2.18  -28.4   -7.8
  MAR  16   50158  -0.1931   0.4538   0.40511   0.47   2.26  -28.1   -7.9
  MAR  17   50159  -0.1911   0.4574   0.40281   0.22   2.34  -28.0   -7.9
  MAR  18   50160  -0.1887   0.4607   0.40044  -0.14   2.42  -28.1   -7.9
  MAR  19   50161  -0.1855   0.4646   0.39799  -0.55   2.48  -28.2   -7.9
  MAR  20   50162  -0.1820   0.4694   0.39552  -0.92   2.43  -28.4   -8.0
  MAR  21   50163  -0.1791   0.4738   0.39315  -1.19   2.34  -28.5   -7.9
  MAR  22   50164  -0.1770   0.4776   0.39085  -1.31   2.25  -28.7   -7.9
  MAR  23   50165  -0.1756   0.4808   0.38865  -1.28   2.09  -28.8   -8.0
  MAR  24   50166  -0.1739   0.4835   0.38665  -1.12   1.96  -28.8   -8.0
  MAR  25   50167  -0.1716   0.4862   0.38472  -0.84   1.92  -28.7   -8.1
  MAR  26   50168  -0.1691   0.4888   0.38280  -0.50   1.89  -28.6   -8.2
  MAR  27   50169  -0.1660   0.4916   0.38093  -0.13   1.87  -28.3   -8.3
  MAR  28   50170  -0.1629   0.4946   0.37906   0.22   1.89  -27.9   -8.5
  MAR  29   50171  -0.1602   0.4977   0.37714   0.51   1.97  -27.7   -8.5
  MAR  30   50172  -0.1572   0.5005   0.37511   0.72   2.09  -27.4   -8.5
  MAR  31   50173  -0.1546   0.5034   0.37296   0.83   2.16  -27.4   -8.5
  APR   1   50174  -0.1523   0.5064   0.37080   0.84   2.23  -27.5   -8.4
  APR   2   50175  -0.1497   0.5094   0.36850   0.75   2.44  -27.7   -8.3
  APR   3   50176  -0.1478   0.5123   0.36593   0.59   2.60  -28.1   -8.3
  APR   4   50177  -0.1460   0.5146   0.36332   0.41   2.54  -28.6   -8.4
  APR   5   50178  -0.1442   0.5164   0.36087   0.24   2.45  -28.9   -8.4
  APR   6   50179  -0.1423   0.5182   0.35843   0.13   2.43  -29.2   -8.5
  APR   7   50180  -0.1405   0.5200   0.35602   0.11   2.39  -29.4   -8.7
  APR   8   50181  -0.1385   0.5216   0.35365   0.17   2.31  -29.4   -8.8
  APR   9   50182  -0.1357   0.5238   0.35137   0.27   2.27  -29.1   -8.8
  APR  10   50183  -0.1327   0.5267   0.34910   0.38   2.27  -28.9   -8.9
  APR  11   50184  -0.1294   0.5299   0.34682   0.42   2.30  -28.4   -8.9
  APR  12   50185  -0.1267   0.5327   0.34449   0.38   2.42  -28.0   -8.9
  APR  13   50186  -0.1239   0.5355   0.34198   0.21   2.58  -27.7   -8.9
  APR  14   50187  -0.1204   0.5384   0.33933  -0.06   2.61  -27.4   -8.8
  APR  15   50188  -0.1168   0.5410   0.33677  -0.40   2.56  -27.5   -8.8
  APR  16   50189  -0.1132   0.5433   0.33424  -0.74   2.52  -27.5   -8.8
  APR  17   50190  -0.1097   0.5458   0.33175  -1.02   2.46  -27.8   -8.9
  APR  18   50191  -0.1069   0.5483   0.32933  -1.18   2.30  -28.1   -9.0
  APR  19   50192  -0.1041   0.5505   0.32715  -1.20   2.12  -28.4   -9.1
  APR  20   50193  -0.1008   0.5528   0.32510  -1.09   2.00  -28.5   -9.3
  APR  21   50194  -0.0980   0.5548   0.32314  -0.85   1.94  -28.5   -9.4
  APR  22   50195  -0.0950   0.5567   0.32120  -0.54   1.92  -28.4   -9.4
  APR  23   50196  -0.0914   0.5589   0.31929  -0.18   1.89  -28.1   -9.4
  APR  24   50197  -0.0880   0.5606   0.31740   0.18   1.90  -27.8   -9.3
  APR  25   50198  -0.0847   0.5622   0.31548   0.49   1.96  -27.6   -9.2
  APR  26   50199  -0.0811   0.5638   0.31347   0.73   2.06  -27.4   -9.0
  APR  27   50200  -0.0771   0.5650   0.31135   0.89   2.17  -27.3   -8.7
  APR  28   50201  -0.0729   0.5666   0.30912   0.93   2.30  -27.4   -8.6
  APR  29   50202  -0.0687   0.5685   0.30676   0.89   2.41  -27.6   -8.4
  APR  30   50203  -0.0645   0.5708   0.30430   0.76   2.47  -28.0   -8.4
  
  
 3 - NORMAL VALUES OF THE EARTH ORIENTATION PARAMETERS AT FIVE-DAY INTERVALS 
       (IERS evaluation).
  
                        Raw normal values                     Uncertainties
  
  
   1996   MJD     x        y     UT1-UTC   dPsi  dEps     x    y   UT1  dPsi dEps
    (0 h UTC)     "        "        s        0.001"       0.001" 0.0001s  0.001"
  
 MAR  2 50144 -0.21656  0.40156  0.438674    -     -    0.14 0.13 0.12  -    -  
 MAR  7 50149 -0.20714  0.42236  0.426734 -28.73 -7.06  0.12 0.12 0.06 0.21 0.11
 MAR 12 50154 -0.19958  0.44048  0.414059 -29.36 -7.49  0.14 0.13 0.07 0.21 0.12
 MAR 17 50159 -0.19118  0.45720  0.402811    -     -    0.15 0.14 0.14  -    -  
 MAR 22 50164 -0.17686  0.47805  0.390848 -28.67 -7.59  0.13 0.12 0.07 0.30 0.13
  
 MAR 27 50169 -0.16584  0.49173  0.380930 -28.46 -8.32  0.14 0.13 0.09 0.24 0.14
 APR  1 50174 -0.15242  0.50618  0.370806 -27.98 -8.61  0.12 0.11 0.06 0.26 0.12
 APR  6 50179 -0.14214  0.51827  0.358434    -     -    0.16 0.14 0.16  -    -  
 APR 11 50184 -0.12933  0.52992  0.346829 -28.65 -8.93  0.15 0.13 0.06 0.21 0.12
 APR 16 50189 -0.11300  0.54348  0.334231 -27.98 -9.08  0.13 0.12 0.08 0.30 0.19
  
 APR 21 50194 -0.09754  0.55545  0.323130    -     -    0.12 0.12 0.08  -    -  
 APR 26 50199 -0.08119  0.56362  0.313464 -27.96 -9.48  0.15 0.13 0.07 0.27 0.18
 MAY  1 50204 -0.06025  0.57306  0.301651    -     -    0.23 0.18 2.56  -    -  
  
  
 4 - DURATION OF THE DAY AND ANGULAR VELOCITY OF THE EARTH (IERS evaluation)
    The data  of this section are smoothed, with the same characteristics as 
 UT1R in section 1. They are corrected for the effects of zonal tides with 
 periods up to 35 days.Section 2  gives the daily interpolation of D.
  
        Date (0h UTC)             DR               OmegaR   
        1996    MJD               s             (microrad/s)
                             
  
      MAR  2   50144            0.00232         72.921  14951
      MAR  7   50149            0.00244                 14941
      MAR 12   50154            0.00251                 14935
      MAR 17   50159            0.00203                 14975
      MAR 22   50164            0.00221                 14960
  
      MAR 27   50169            0.00224                 14958
   
   
  
  5 - INFORMATION ON TIME SCALES (reproduced from IERS Bulletins C and D)       
                                                                                
      UTC-TAI :                                                                 
                   A POSITIVE  LEAP SECOND WAS INTRODUCED                       
                   IN UTC-TAI AT THE END OF DECEMBER 1995.                      
                                                                                
      From 1994 July    1, 0hUTC, through 1995 December 31, UTC-TAI=-29s exactly
      From 1996 January 1, 0hUTC, until further notice,     UTC-TAI=-30s exactly
                                                                                
      DUT1(UT1-UTC) transmitted with time signals :                             
                                                                                
      From 1996  April 11, 0hUTC, through 1996  May 15 ,DUT1= +0.3s             
      From 1996  May   16, 0hUTC, until further notice ,DUT1= +0.2s             
                                                                                   
   
 6 - SUMMARY OF CONTRIBUTED EARTH ORIENTATION PARAMETERS SERIES
     This section gives the average precision of the individual series
 contributing to the combination and their average agreement with it. The 
 periods covered start at  the beginning of the first month in Section 1 
 and end with the last available value in the individual series considered.
     The complete list of measurements is available in the electronic-mailed
 version of Bulletin B in section 7.

    Units : 0.001" for x,y ,  0.0001s for UT1, 0.001" for dPsi, dEpsi.


--------------------------------------------------------------------------------
  EOP series                         Mean  formal  uncertainty
  Periods covered                    Weighted RMS agreement with Bulletin B
--------------------------------------------------------------------------------

                                                                      Data
                                        x     y     UT   dPsi  dEps   Number

 VLBI
   EOP(JPL)  95 R 01 Au-Ca              -     -    1.11   -     -         8
   50149.36 to 50196.41                 -     -    1.51   -     -  

   EOP(JPL)  95 R 01 Sp-Ca              -     -    0.62   -     -         9
   50145.90 to 50200.70                 -     -    0.79   -     -  

   EOP(IAA)  95 R 01                   0.08  0.08  0.04  0.16  0.06       6
   50148.25 to 50183.25                0.19  0.09  0.09  0.10  0.13

   EOP(USNO) 96 R 04                   0.11  0.09  0.05  0.17  0.07       8
   50148.25 to 50197.25                0.15  0.10  0.05  0.11  0.07

   EOP(USNO) 96 R 05                    -     -    0.27   -     -        45
   50143.78 to 50201.12                 -     -    0.15   -     -  

 LLR 
   EOP(UTXMO)96 M 01 Cerga              -     -    1.55   -     -         4
   50170.92 to 50183.19                 -     -    3.80   -     -  

   EOP(UTXMO)96 M 01 TLRS               -     -    3.07   -     -         6
   50144.16 to 50182.46                 -     -    1.03   -     -  

 GPS 
   EOP(CODE) 95 P 01                   0.02  0.02   -     -     -        60
   50143.50 to 50202.50                0.19  0.33   -     -     -  

   EOP(EMR)  95 P 01                   0.08  0.09   -     -     -        51
   50143.50 to 50193.50                0.32  0.25   -     -     -  

   EOP(ESOC) 95 P 01                   0.05  0.05   -     -     -        51
   50143.50 to 50193.50                0.28  0.61   -     -     -  

   EOP(GFZ)  95 P 01                   0.01  0.01   -     -     -        58
   50143.50 to 50200.50                0.19  0.21   -     -     -  

   EOP(JPL)  95 P 01                   0.05  0.05   -     -     -        58
   50143.50 to 50200.50                0.20  0.17   -     -     -  

   EOP(NOAA) 95 P 02                   0.03  0.03   -     -     -        60
   50143.50 to 50202.50                0.42  0.37   -     -     -  

   EOP(SIO)  95 P 01                   0.08  0.08   -     -     -        44
   50143.50 to 50186.50                0.22  0.23   -     -     -  

   EOP(IGS)  95 P 01                   0.09  0.12   -     -     -        51
   50143.50 to 50193.50                0.13  0.15   -     -     -  

   EOP(IERS) 95 P 01                   0.09  0.12  0.40   -     -        60
   50143.50 to 50202.50                0.13  0.10  0.35   -     -  

   EOP(IGS)  96 P 01                   0.16  0.19   -     -     -        60
   50143.50 to 50202.50                0.21  0.29   -     -     -  

 SLR 
   EOP(CSR)  95 L 01                   0.42  0.40  0.69   -     -        20
   50144.76 to 50201.89                0.16  0.30  0.50   -     -  

   EOP(DUT)  93 L 03                   0.13  0.13   -     -     -        16
   50145.00 to 50190.00                0.52  0.51   -     -     -  

   EOP(IAA)  96 L 02                   0.19  0.19   -     -     -        61
   50143.00 to 50203.00                0.35  0.24   -     -     -  

   EOP(MCC)  94 L 01                   0.15  0.13   -     -     -        17
   50145.00 to 50193.00                0.62  1.62   -     -     -  

   
   
 7 - INDIVIDUAL SERIES OF EARTH ORIENTATION PARAMETERS
     The series listed hereafter,obtained  by the IERS Operational Centres,
 have been used for the evaluations of Section 1. They are described in 
 IERS Annual Report or in the IERS Technical Notes .
  
  
         7-a- Very Long Base Radio Interferometry - EOP(JPL)  95 R 01 
               Units : 0.0001" for Latitude , 0.00001s for UT0.
  
               Date                                     Uncertainties
               1996      MJD         Lat.    UT0-UTC    Lat.  UT0-UTC
  
            Baseline : Australia-California

             MAR   7   50149.36     -3505     44602       2      8
             MAR  14   50156.35     -3771     42873       2      8
             MAR  21   50163.32     -4074     41163       2      8
             MAR  26   50168.34     -4242     40130       3     11
             APR   2   50175.29     -4494     38582       2      8

             APR   9   50182.41     -4679     36806       3     12
             APR  16   50189.45     -4923     34964       3     16
             APR  23   50196.41     -5129     33394       5     18
             APR  30   50203.21     -5323     31766       2      8
  
            Baseline : Spain-California

             MAR   3   50145.90     -3917     43529       8      4
             MAR  10   50152.88     -3960     41764       8      4
             MAR  17   50159.04     -3974     40363       9      4
             MAR  24   50166.02     -3980     38777       8      4
             MAR  31   50173.00     -3902     37414       8      4

             APR   6   50179.99     -3861     35729       9      4
             APR  14   50187.73     -3751     33877      17      8
             APR  21   50194.73     -3654     32313      23     12
             APR  27   50200.70     -3490     31117      21     12
  
  
     7-b - Very Long Base Radio Interferometry - EOP(IAA)  95 R 01 
       Units : 0.0001" for x,y , 0.00001s for UT1 ,0.0001" for dPsi,dEpsi.
  
     Date                                                    Uncertainties
     1996     MJD       x     y   UT1-UTC dPsi dEpsi   x   y  UT1-UTC  dPsi dEpsi
  
   MAR   6  50148.25 -2089  4193   42870 -284 -71      1   1      1      1    0
   MAR  13  50155.25 -1987  4441   41114 -290 -75      1   1      1      2    1
   MAR  20  50162.25 -1817  4705   39493 -283 -78      1   1      1      2    1
   MAR  27  50169.25 -1655  4923   38047 -282 -81      1   1      1      2    1
   APR   3  50176.25 -1475  5128   36526 -280 -84      1   1      1      1    1
  
   APR  10  50183.25 -1321  5274   34853 -288 -88      1   1      1      2    1
  
  
     7-c - Very Long Base Radio Interferometry - EOP(USNO) 96 R 04 
       Units : 0.0001" for x,y , 0.00001s for UT1 ,0.0001" for dPsi,dEpsi.
  
     Date                                                    Uncertainties
     1996     MJD       x     y   UT1-UTC dPsi dEpsi   x   y  UT1-UTC  dPsi dEpsi
  
   MAR   6  50148.25 -2086  4179   42872 -289 -72      1   1      1      1    0
   MAR  13  50155.25 -1985  4427   41118 -294 -78      1   1      1      2    1
   MAR  20  50162.25 -1816  4689   39495 -289 -80      1   1      1      2    1
   MAR  27  50169.25 -1656  4909   38051 -287 -86      2   1      1      2    1
   APR   3  50176.25 -1476  5114   36530 -287 -83      1   1      1      2    1
  
   APR  10  50183.25 -1321  5261   34857 -291 -89      1   1      1      2    1
   APR  17  50190.25 -1097  5451   33117 -281 -89      1   1      1      2    1
   APR  24  50197.25  -875  5595   31697 -280 -93      1   1      1      2    1
  
  
     7-d - Very Long Base Radio Interferometry - EOP(USNO) 96 R 05 
       Units : 0.0001" for x,y , 0.00001s for UT1 ,0.0001" for dPsi,dEpsi.
  
     Date                                                    Uncertainties
     1996     MJD       x     y   UT1-UTC dPsi dEpsi   x   y  UT1-UTC  dPsi dEpsi
  
   MAR   1  50143.78               43917                          4            
   MAR   2  50144.77               43708                          3            
   MAR   3  50145.02               43656                          2            
   MAR   4  50146.77               43250                          3            
   MAR   7  50149.76               42481                          3            
  
   MAR   8  50150.76               42226                          3            
   MAR   9  50151.75               41964                          3            
   MAR  10  50152.00               41904                          2            
   MAR  11  50153.75               41470                          3            
   MAR  14  50156.74               40792                          3            
  
   MAR  15  50157.74               40574                          3            
   MAR  16  50158.73               40346                          3            
   MAR  18  50160.73               39869                          3            
   MAR  21  50163.72               39152                          3            
   MAR  22  50164.72               38928                          3            
  
   MAR  23  50165.72               38722                          4            
   MAR  23  50165.97               38677                          2            
   MAR  25  50167.71               38339                          3            
   MAR  28  50170.70               37775                          4            
   MAR  29  50171.70               37577                          3            
  
   MAR  30  50172.70               37369                          3            
   MAR  30  50172.95               37310                          2            
   APR   1  50174.69               36925                          3            
   APR   2  50175.69               36681                          3            
   APR   4  50177.68               36179                          4            
  
   APR   5  50178.68               35924                          3            
   APR   6  50179.68               35682                          4            
   APR   6  50179.93               35622                          2            
   APR   8  50181.67               35215                          3            
   APR   9  50182.67               34990                          5            
  
   APR  11  50184.66               34531                          4            
   APR  12  50185.66               34289                          4            
   APR  13  50186.66               34030                          4            
   APR  13  50186.91               33960                          2            
   APR  15  50188.90               33452                          2            
  
   APR  17  50190.90               32900                          2            
   APR  18  50191.89               32741                          2            
   APR  19  50192.89               32534                          2            
   APR  20  50193.89               32338                          1            
   APR  21  50194.14               32292                          1            
  
   APR  22  50195.88               31954                          2            
   APR  25  50198.88               31375                          2            
   APR  26  50199.87               31166                          2            
   APR  27  50200.87               30947                          2            
   APR  28  50201.12               30886                          1            
  
  
         7-e - Lunar Laser Ranging - EOP(UTXMO)96 M 01 
               (UNIT : 0.00001s for UT0-UTC)
  
               Date                           Uncertainties
               1996      MJD          UT0-UTC   UTO-UTC    STATION  REFLECTOR
  
             MAR   2    50144.161      44220      24        TLR      HAD
             MAR   9    50151.411      42353      18        TLR      HAD
             MAR  10    50152.459      42088      20        TLR      HAD
             MAR  28    50170.095      37986      50        TLR      HAD
             MAR  28    50170.916      40731      18        CER      HAD
  
             APR   8    50181.090      38523      19        CER      HAD
             APR   8    50181.420      35231      35        TLR      HAD
             APR   9    50182.140      38298      16        CER      HAD
             APR   9    50182.462      34979      37        TLR      HAD
             APR  10    50183.188      38085       9        CER      HAD
  
  
         7 -f - EOP(CODE) 95 P 01 
                Units : 0.0001" for x,y, 0.00001s for UT1 and D.
  
     Date                                                        Uncertainties
     1996      MJD        x       y      UT1-UTC  Passes  Span   x    y   UT1-UTC
                                                          hours
  
   MAR   1   50143.50  -2173    3992     45558     25            1    1     1
   MAR   2   50144.50  -2157    4036     45353     25            1    1     1
   MAR   3   50145.50  -2138    4075     45131     25            1    1     1
   MAR   4   50146.50  -2120    4116     44894     25            1    1     1
   MAR   5   50147.50  -2102    4158     44646     25            1    1     1
  
   MAR   6   50148.50  -2084    4199     44390     25            1    1     1
   MAR   7   50149.50  -2067    4239     44131     25            1    1     1
   MAR   8   50150.50  -2053    4277     43869     25            1    1     1
   MAR   9   50151.50  -2039    4314     43609     25            1    1     1
   MAR  10   50152.50  -2025    4347     43355     25            1    1     1
  
   MAR  11   50153.50  -2011    4382     43112     25            1    1     1
   MAR  12   50154.50  -1995    4415     42885     25            1    1     1
   MAR  13   50155.50  -1980    4451     42671     25            1    1     1
   MAR  14   50156.50  -1963    4486     42462     25            1    1     1
   MAR  15   50157.50  -1943    4520     42251     25            1    1     1
  
   MAR  16   50158.50  -1923    4553     42031     25            1    1     1
   MAR  17   50159.50  -1900    4585     41803     25            1    1     1
   MAR  18   50160.50  -1870    4624     41569     25            1    1     1
   MAR  19   50161.50  -1840    4666     41329     25            1    1     1
   MAR  20   50162.50  -1810    4711     41086     25            1    1     1
  
   MAR  21   50163.50  -1784    4752     40852     25            1    1     1
   MAR  22   50164.50  -1767    4789     40631     25            1    1     1
   MAR  23   50165.50  -1750    4819     40422     25            1    1     1
   MAR  24   50166.50  -1730    4845     40226     25            1    1     1
   MAR  25   50167.50  -1705    4871     40041     25            1    1     1
  
   MAR  26   50168.50  -1677    4899     39858     25            1    1     1
   MAR  27   50169.50  -1648    4927     39676     25            1    1     1
   MAR  28   50170.50  -1618    4956     39489     24            1    1     1
   MAR  29   50171.50  -1589    4986     39296     24            1    1     1
   MAR  30   50172.50  -1562    5016     39095     24            1    1     1
  
   MAR  31   50173.50  -1536    5045     38878     24            1    1     1
   APR   1   50174.50  -1513    5075     38647     24            1    1     1
   APR   2   50175.50  -1491    5103     38406     24            1    1     1
   APR   3   50176.50  -1472    5130     38159     24            1    1     1
   APR   4   50177.50  -1454    5151     37910     24            1    1     1
  
   APR   5   50178.50  -1436    5170     37665     24            1    1     1
   APR   6   50179.50  -1417    5186     37423     24            1    1     1
   APR   7   50180.50  -1395    5205     37185     25            1    1     1
   APR   8   50181.50  -1371    5224     36956     25            1    1     1
   APR   9   50182.50  -1344    5248     36733     25            1    1     1
  
   APR  10   50183.50  -1315    5275     36509     25            1    1     1
   APR  11   50184.50  -1285    5304     36279     25            1    1     1
   APR  12   50185.50  -1255    5333     36041     25            1    1     1
   APR  13   50186.50  -1224    5361     35793     25            1    1     1
   APR  14   50187.50  -1188    5388     35541     25            1    1     1
  
   APR  15   50188.50  -1153    5414     35293     25            1    1     1
   APR  16   50189.50  -1118    5440     35045     25            1    1     1
   APR  17   50190.50  -1088    5467     34807     25            1    1     1
   APR  18   50191.50  -1059    5490     34583     25            1    1     1
   APR  19   50192.50  -1029    5511     34372     25            1    1     1
  
   APR  20   50193.50  -1000    5532     34170     25            1    1     1
   APR  21   50194.50   -969    5552     33975     25            1    1     1
   APR  22   50195.50   -937    5572     33786     25            1    1     1
   APR  23   50196.50   -901    5591     33599     25            1    1     1
   APR  24   50197.50   -867    5609     33409     25            1    1     1
  
   APR  25   50198.50   -831    5623     33214     25            1    1     1
   APR  26   50199.50   -795    5637     33011     25            1    1     1
   APR  27   50200.50   -752    5651     32795     25            1    1     1
   APR  28   50201.50   -711    5674     32566     25            1    1     4
   APR  29   50202.50   -668    5702     32326     25            1    1     3
  
   APR  30   50203.50   -617    5726     32072     25            1    1     3
  
  
         7 -g - EOP(EMR)  95 P 01 
                Units : 0.0001" for x,y, 0.00001s for UT1 and D.
  
     Date                                                        Uncertainties
     1996      MJD        x       y      UT1-UTC  Passes  Span   x    y   UT1-UTC
                                                          hours
  
   MAR   1   50143.50  -2177    3995     43267     25            1    1     2
   MAR   2   50144.50  -2160    4039     43064     25            1    1     2
   MAR   3   50145.50  -2141    4080     42844     25            1    1     2
   MAR   4   50146.50  -2120    4122     42608     25            1    1     2
   MAR   5   50147.50  -2103    4164     42364     25            1    1     2
  
   MAR   6   50148.50  -2085    4206     42107     24            1    1     2
   MAR   7   50149.50  -2070    4246     41849     25            1    1     2
   MAR   8   50150.50  -2057    4282     41586     25            1    1     2
   MAR   9   50151.50  -2045    4319     41330     25            1    1     2
   MAR  10   50152.50  -2030    4353     41076     25            1    1     2
  
   MAR  11   50153.50  -2015    4384     40830     25            1    1     2
   MAR  12   50154.50  -1994    4425     40591     24            1    1     2
   MAR  13   50155.50  -1984    4457     40367     24            1    1     2
   MAR  14   50156.50  -1967    4493     40147     24            1    1     2
   MAR  15   50157.50  -1945    4526     39927     24            1    1     2
  
   MAR  16   50158.50  -1925    4561     39701     24            1    1     2
   MAR  17   50159.50  -1905    4595     39469     24            1    1     2
   MAR  18   50160.50  -1881    4629     39234     24            1    1     2
   MAR  19   50161.50  -1841    4673     38997     24            1    1     2
   MAR  20   50162.50  -1812    4718     38756     24            1    1     2
  
   MAR  21   50163.50  -1788    4759     38521     24            1    1     2
   MAR  22   50164.50  -1772    4797     38302     24            1    1     2
   MAR  23   50165.50  -1758    4825     38096     23            1    1     2
   MAR  24   50166.50  -1734    4852     37897     24            1    1     2
   MAR  25   50167.50  -1710    4879     37712     24            1    1     2
  
   MAR  26   50168.50  -1681    4906     37528     24            1    1     2
   MAR  27   50169.50  -1652    4937     37345     24            1    1     2
   MAR  28   50170.50  -1620    4964     37154     24            1    1     2
   MAR  29   50171.50  -1593    4997     36956     24            1    1     2
   MAR  30   50172.50  -1568    5022     36749     24            1    1     2
  
   MAR  31   50173.50  -1540    5055     36532     24            1    1     2
   APR   1   50174.50  -1516    5083     36298     24            1    1     2
   APR   2   50175.50  -1493    5114     36054     24            1    1     2
   APR   3   50176.50  -1475    5138     35803     24            1    1     2
   APR   4   50177.50  -1459    5159     35552     24            1    1     2
  
   APR   5   50178.50  -1439    5175     35301     24            1    1     2
   APR   6   50179.50  -1418    5194     35063     24            1    1     2
   APR   7   50180.50  -1402    5214     34824     24            1    1     2
   APR   8   50181.50  -1380    5235     34593     25            1    1     2
   APR   9   50182.50  -1348    5259     34366     25            1    1     2
  
   APR  10   50183.50  -1319    5291     34137     25            1    1     2
   APR  11   50184.50  -1291    5320     33901     25            1    1     2
   APR  12   50185.50  -1262    5350     33658     24            1    1     2
   APR  13   50186.50  -1227    5375     33402     25            1    1     2
   APR  14   50187.50  -1190    5401     33143     25            1    1     2
  
   APR  15   50188.50  -1153    5426     32886     25            1    1     2
   APR  16   50189.50  -1119    5449     32636     25            1    1     2
   APR  17   50190.50  -1090    5473     32388     25            1    1     2
   APR  18   50191.50  -1061    5500     32157     25            1    1     2
   APR  19   50192.50  -1033    5524     31943     24            1    1     2
  
   APR  20   50193.50  -1002    5545     31740     25            1    1     2
  
  
         7 -h - EOP(ESOC) 95 P 01 
                Units : 0.0001" for x,y, 0.00001s for UT1 and D.
  
     Date                                                        Uncertainties
     1996      MJD        x       y         D     Passes  Span   x    y     D   
                                                          hours
  
   MAR   1   50143.50  -2172    3991       203     25            1    1     1
   MAR   2   50144.50  -2155    4038       218     25            1    1     1
   MAR   3   50145.50  -2136    4071       234     25            1    1     1
   MAR   4   50146.50  -2121    4120       251     25            1    1     1
   MAR   5   50147.50  -2098    4164       254     24            1    1     1
  
   MAR   6   50148.50  -2081    4201       264     24            1    1     1
   MAR   7   50149.50  -2064    4244       266     25            1    1     1
   MAR   8   50150.50  -2051    4281       262     25            1    1     1
   MAR   9   50151.50  -2041    4321       259     25            1    1     1
   MAR  10   50152.50  -2023    4351       251     25            1    1     1
  
   MAR  11   50153.50  -2010    4381       242     25            1    1     1
   MAR  12   50154.50  -1993    4416       224     24            1    1     1
   MAR  13   50155.50  -1979    4454       212     24            1    1     1
   MAR  14   50156.50  -1960    4492       204     24            1    1     1
   MAR  15   50157.50  -1940    4524       210     24            1    1     1
  
   MAR  16   50158.50  -1922    4556       220     24            1    1     1
   MAR  17   50159.50  -1901    4589       230     24            1    1     1
   MAR  18   50160.50  -1879    4629       219     24            1    1     1
   MAR  19   50161.50  -1841    4665       240     24            1    1     1
   MAR  20   50162.50  -1806    4716       234     24            1    1     1
  
   MAR  21   50163.50  -1784    4754       225     24            1    1     1
   MAR  22   50164.50  -1765    4792       209     24            1    1     1
   MAR  23   50165.50  -1752    4823       197     24            1    1     1
   MAR  24   50166.50  -1730    4846       185     24            1    1     1
   MAR  25   50167.50  -1705    4874       178     24            1    1     1
  
   MAR  26   50168.50  -1680    4900       177     24            1    1     1
   MAR  27   50169.50  -1648    4931       176     24            1    1     1
   MAR  28   50170.50  -1618    4959       188     24            1    1     1
   MAR  29   50171.50  -1589    4993       198     24            1    1     1
   MAR  30   50172.50  -1561    5019       204     24            1    1     1
  
   MAR  31   50173.50  -1534    5047       227     24            1    1     1
   APR   1   50174.50  -1512    5074       235     24            1    1     1
   APR   2   50175.50  -1493    5108       246     24            1    1     1
   APR   3   50176.50  -1473    5133       246     24            1    1     1
   APR   4   50177.50  -1456    5154       247     24            1    1     1
  
   APR   5   50178.50  -1439    5170       242     24            1    1     1
   APR   6   50179.50  -1419    5188       236     24            1    1     1
   APR   7   50180.50  -1401    5208       232     24            1    1     1
   APR   8   50181.50  -1375    5227       222     24            1    1     1
   APR   9   50182.50  -1342    5253       217     24            1    1     1
  
   APR  10   50183.50  -1315    5279       226     24            1    1     1
   APR  11   50184.50  -1285    5313       236     24            1    1     1
   APR  12   50185.50  -1256    5340       242     24            1    1     1
   APR  13   50186.50  -1226    5365       261     23            1    1     1
   APR  14   50187.50  -1187    5392       255     23            1    1     1
  
   APR  15   50188.50  -1151    5418       257     24            1    1     1
   APR  16   50189.50  -1116    5445       248     23            1    1     1
   APR  17   50190.50  -1088    5468       244     23            1    1     1
   APR  18   50191.50  -1057    5489       222     23            1    1     1
   APR  19   50192.50  -1029    5513       203     24            1    1     1
  
   APR  20   50193.50  -1000    5536       197     23            1    1     1
  
  
         7 -i - EOP(GFZ)  95 P 01 
                Units : 0.0001" for x,y, 0.00001s for UT1 and D.
  
     Date                                                        Uncertainties
     1996      MJD        x       y         D     Passes  Span   x    y     D   
                                                          hours
  
   MAR   1   50143.50  -2176    3992       192     24            1    1     2
   MAR   2   50144.50  -2158    4037       204     24            1    1     2
   MAR   3   50145.50  -2141    4078       222     24            1    1     2
   MAR   4   50146.50  -2121    4126       234     24            1    1     2
   MAR   5   50147.50  -2103    4161       246     24            1    1     2
  
   MAR   6   50148.50  -2081    4203       256     24            1    1     2
   MAR   7   50149.50  -2064    4241       261     24            1    1     2
   MAR   8   50150.50  -2056    4279       251     24            1    1     2
   MAR   9   50151.50  -2042    4314       245     24            1    1     2
   MAR  10   50152.50  -2026    4348       240     24            1    1     2
  
   MAR  11   50153.50  -2011    4380       234     24            1    1     2
   MAR  12   50154.50  -1993    4416       224     24            1    1     2
   MAR  13   50155.50  -1983    4452       214     24            1    1     2
   MAR  14   50156.50  -1962    4491       219     24            1    1     2
   MAR  15   50157.50  -1941    4523       224     24            1    1     2
  
   MAR  16   50158.50  -1923    4556       235     24            1    1     2
   MAR  17   50159.50  -1901    4593       245     24            1    1     2
   MAR  18   50160.50  -1873    4626       239     24            1    1     2
   MAR  19   50161.50  -1838    4671       242     24            1    1     2
   MAR  20   50162.50  -1807    4715       237     24            1    1     2
  
   MAR  21   50163.50  -1782    4758       227     24            1    1     2
   MAR  22   50164.50  -1765    4795       211     24            1    1     2
   MAR  23   50165.50  -1753    4823       197     24            1    1     2
   MAR  24   50166.50  -1730    4844       187     24            1    1     2
   MAR  25   50167.50  -1707    4876       183     24            1    1     2
  
   MAR  26   50168.50  -1679    4902       182     24            1    1     2
   MAR  27   50169.50  -1649    4931       181     24            1    1     2
   MAR  28   50170.50  -1617    4961       193     24            1    1     2
   MAR  29   50171.50  -1591    4993       200     24            1    1     2
   MAR  30   50172.50  -1563    5022       209     24            1    1     2
  
   MAR  31   50173.50  -1534    5050       231     24            1    1     2
   APR   1   50174.50  -1510    5080       239     24            1    1     2
   APR   2   50175.50  -1489    5111       249     24            1    1     2
   APR   3   50176.50  -1473    5135       248     24            1    1     2
   APR   4   50177.50  -1455    5156       245     24            1    1     2
  
   APR   5   50178.50  -1435    5169       238     24            1    1     2
   APR   6   50179.50  -1417    5191       231     24            1    1     2
   APR   7   50180.50  -1399    5208       224     24            1    1     2
   APR   8   50181.50  -1375    5228       217     24            1    1     2
   APR   9   50182.50  -1342    5252       214     24            1    1     2
  
   APR  10   50183.50  -1313    5283       222     25            1    1     2
   APR  11   50184.50  -1287    5311       234     25            1    1     2
   APR  12   50185.50  -1256    5340       246     25            1    1     2
   APR  13   50186.50  -1224    5368       259     25            1    1     2
   APR  14   50187.50  -1189    5396       256     25            1    1     2
  
   APR  15   50188.50  -1151    5420       251     25            1    1     2
   APR  16   50189.50  -1116    5445       246     25            1    1     2
   APR  17   50190.50  -1086    5471       237     25            1    1     2
   APR  18   50191.50  -1058    5496       211     25            1    1     2
   APR  19   50192.50  -1029    5516       197     25            1    1     2
  
   APR  20   50193.50  -1000    5537       184     25            1    1     2
   APR  21   50194.50   -970    5558       184     25            1    1     2
   APR  22   50195.50   -935    5577       175     25            1    1     2
   APR  23   50196.50   -902    5598       175     25            1    1     2
   APR  24   50197.50   -866    5616       181     25            1    1     2
  
   APR  25   50198.50   -832    5630       189     25            1    1     2
   APR  26   50199.50   -795    5643       201     25            1    1     2
   APR  27   50200.50   -752    5655       218     25            1    1     2
  
  
         7 -j - EOP(JPL)  95 P 01 
                Units : 0.0001" for x,y, 0.00001s for UT1 and D.
  
     Date                                                        Uncertainties
     1996      MJD        x       y         D     Passes  Span   x    y     D   
                                                          hours
  
   MAR   1   50143.50  -2176    3996       200     24            1    1     1
   MAR   2   50144.50  -2159    4039       212     24            1    1     1
   MAR   3   50145.50  -2140    4075       229     24            1    1     1
   MAR   4   50146.50  -2121    4116       245     24            1    1     1
   MAR   5   50147.50  -2101    4159       249     23            1    1     1
  
   MAR   6   50148.50  -2082    4202       261     23            1    1     1
   MAR   7   50149.50  -2068    4240       271     24            1    1     1
   MAR   8   50150.50  -2050    4277       260     24            1    1     1
   MAR   9   50151.50  -2039    4313       254     24            1    1     1
   MAR  10   50152.50  -2026    4348       250     24            1    1     1
  
   MAR  11   50153.50  -2009    4381       247     24            1    1     1
   MAR  12   50154.50  -1996    4415       234     24            1    1     1
   MAR  13   50155.50  -1982    4450       219     24            1    1     1
   MAR  14   50156.50  -1963    4485       218     24            1    1     1
   MAR  15   50157.50  -1942    4518       220     24            1    1     1
  
   MAR  16   50158.50  -1922    4553       225     24            1    1     1
   MAR  17   50159.50  -1902    4589       232     24            1    1     1
   MAR  18   50160.50  -1875    4625       229     24            1    1     1
   MAR  19   50161.50  -1839    4669       236     24            1    1     1
   MAR  20   50162.50  -1810    4713       240     24            1    1     1
  
   MAR  21   50163.50  -1782    4755       228     24            1    1     1
   MAR  22   50164.50  -1764    4791       214     22            1    1     1
   MAR  23   50165.50  -1749    4819       202     22            1    1     1
   MAR  24   50166.50  -1729    4845       192     24            1    1     1
   MAR  25   50167.50  -1705    4873       187     23            1    1     1
  
   MAR  26   50168.50  -1680    4899       183     24            1    1     1
   MAR  27   50169.50  -1650    4932       186     24            1    1     1
   MAR  28   50170.50  -1617    4958       197     24            1    1     1
   MAR  29   50171.50  -1590    4990       200     24            1    1     1
   MAR  30   50172.50  -1563    5017       208     24            1    1     1
  
   MAR  31   50173.50  -1539    5048       224     24            1    1     1
   APR   1   50174.50  -1510    5076       235     24            1    1     1
   APR   2   50175.50  -1490    5107       246     24            1    1     1
   APR   3   50176.50  -1472    5134       248     24            1    1     1
   APR   4   50177.50  -1455    5155       251     24            1    1     1
  
   APR   5   50178.50  -1435    5171       247     24            1    1     1
   APR   6   50179.50  -1416    5189       242     24            1    1     1
   APR   7   50180.50  -1397    5206       234     24            1    1     1
   APR   8   50181.50  -1373    5223       233     25            1    1     1
   APR   9   50182.50  -1344    5250       223     25            1    1     1
  
   APR  10   50183.50  -1314    5279       229     25            1    1     1
   APR  11   50184.50  -1288    5309       236     25            1    1     1
   APR  12   50185.50  -1251    5348       239     24            1    1     1
   APR  13   50186.50  -1232    5363       257     24            1    1     1
   APR  14   50187.50  -1189    5391       255     25            1    1     1
  
   APR  15   50188.50  -1151    5418       249     25            1    1     1
   APR  16   50189.50  -1115    5443       246     25            1    1     1
   APR  17   50190.50  -1084    5468       243     25            1    1     1
   APR  18   50191.50  -1058    5494       215     25            1    1     1
   APR  19   50192.50  -1029    5515       203     25            1    1     1
  
   APR  20   50193.50  -1000    5538       191     25            1    1     1
   APR  21   50194.50   -973    5559       187     25            1    1     1
   APR  22   50195.50   -938    5575       181     24            1    1     1
   APR  23   50196.50   -901    5595       183     25            1    1     1
   APR  24   50197.50   -867    5612       189     25            1    1     1
  
   APR  25   50198.50   -833    5631       201     24            1    1     1
   APR  26   50199.50   -794    5640       202     24            1    1     1
   APR  27   50200.50   -752    5654       219     25            1    1     1
  
  
         7 -k - EOP(NOAA) 95 P 02 
                Units : 0.0001" for x,y, 0.00001s for UT1 and D.
  
     Date                                                        Uncertainties
     1996      MJD        x       y      UT1-UTC  Passes  Span   x    y   UT1-UTC
                                                          hours
  
   MAR   1   50143.50  -2169    3997               25            1    1      
   MAR   2   50144.50  -2152    4033               25            1    1      
   MAR   3   50145.50  -2138    4080               25            1    1      
   MAR   4   50146.50  -2118    4122               25            1    1      
   MAR   5   50147.50  -2100    4156               25            1    1      
  
   MAR   6   50148.50  -2073    4206               25            1    1      
   MAR   7   50149.50  -2058    4242               25            1    1      
   MAR   8   50150.50  -2048    4275               25            1    1      
   MAR   9   50151.50  -2030    4318               25            1    1      
   MAR  10   50152.50  -2020    4351               25            1    1      
  
   MAR  11   50153.50  -1999    4380               25            1    1      
   MAR  12   50154.50  -1989    4426               24            1    1      
   MAR  13   50155.50  -1971    4445               24            1    1      
   MAR  14   50156.50  -1952    4490               24            1    1      
   MAR  15   50157.50  -1937    4520               24            1    1      
  
   MAR  16   50158.50  -1915    4554               25            1    1      
   MAR  17   50159.50  -1897    4589               25            1    1      
   MAR  18   50160.50  -1867    4620               25            1    1      
   MAR  19   50161.50  -1831    4675               25            1    1      
   MAR  20   50162.50  -1804    4713               25            1    1      
  
   MAR  21   50163.50  -1777    4756               25            1    1      
   MAR  22   50164.50  -1759    4796               25            1    1      
   MAR  23   50165.50  -1752    4828               25            1    1      
   MAR  24   50166.50  -1727    4849               25            1    1      
   MAR  25   50167.50  -1700    4876               25            1    1      
  
   MAR  26   50168.50  -1678    4900               25            1    1      
   MAR  27   50169.50  -1646    4926               25            1    1      
   MAR  28   50170.50  -1614    4960               24            1    1      
   MAR  29   50171.50  -1589    4990               24            1    1      
   MAR  30   50172.50  -1559    5017               24            1    1      
  
   MAR  31   50173.50  -1534    5046               24            1    1      
   APR   1   50174.50  -1509    5071               24            1    1      
   APR   2   50175.50  -1487    5106               24            1    1      
   APR   3   50176.50  -1472    5130               24            1    1      
   APR   4   50177.50  -1455    5153               24            1    1      
  
   APR   5   50178.50  -1435    5169               24            1    1      
   APR   6   50179.50  -1415    5185               24            1    1      
   APR   7   50180.50  -1397    5203               24            1    1      
   APR   8   50181.50  -1374    5227               24            1    1      
   APR   9   50182.50  -1343    5249               24            1    1      
  
   APR  10   50183.50  -1311    5275               25            1    1      
   APR  11   50184.50  -1288    5308               25            1    1      
   APR  12   50185.50  -1255    5338               25            1    1      
   APR  13   50186.50  -1221    5369               25            1    1      
   APR  14   50187.50  -1184    5396               25            1    1      
  
   APR  15   50188.50  -1149    5424               25            1    1      
   APR  16   50189.50  -1115    5450               25            1    1      
   APR  17   50190.50  -1090    5462               25            1    1      
   APR  18   50191.50  -1060    5491               25            1    1      
   APR  19   50192.50  -1032    5514               25            1    1      
  
   APR  20   50193.50   -998    5539               25            1    1      
   APR  21   50194.50   -969    5556               25            1    1      
   APR  22   50195.50   -931    5582               25            1    1      
   APR  23   50196.50   -900    5589               25            1    1      
   APR  24   50197.50   -862    5611               25            1    1      
  
   APR  25   50198.50   -827    5629               25            1    1      
   APR  26   50199.50   -787    5642               25            1    1      
   APR  27   50200.50   -746    5653               25            1    1      
   APR  28   50201.50   -707    5666               25            1    1      
   APR  29   50202.50   -666    5690               25            1    1      
  
  
         7 -l - EOP(SIO)  95 P 01 
                Units : 0.0001" for x,y, 0.00001s for UT1 and D.
  
     Date                                                        Uncertainties
     1996      MJD        x       y      UT1-UTC  Passes  Span   x    y   UT1-UTC
                                                          hours
  
   MAR   1   50143.50  -2176    3996     43959     25            1    1     6
   MAR   2   50144.50  -2161    4038     43753     25            1    1     7
   MAR   3   50145.50  -2141    4078               25            1    1      
   MAR   4   50146.50  -2121    4118     43307     25            1    1     2
   MAR   5   50147.50  -2103    4161     43064     25            1    1     4
  
   MAR   6   50148.50  -2087    4202     42806     23            1    1     5
   MAR   7   50149.50  -2070    4241     42538     24            1    1     6
   MAR   8   50150.50  -2056    4279     42272     24            1    1     7
   MAR   9   50151.50  -2042    4316     42012     25            1    1     8
   MAR  10   50152.50  -2029    4352               25            1    1      
  
   MAR  11   50153.50  -2013    4383     41517     24            1    1     2
   MAR  12   50154.50  -1998    4417     41276     23            1    1     4
   MAR  13   50155.50  -1983    4454     41056     24            1    1     5
   MAR  14   50156.50  -1966    4489     40838     24            1    1     6
   MAR  15   50157.50  -1946    4523     40620     24            1    1     7
  
   MAR  16   50158.50  -1925    4557     40395     24            1    1     8
   MAR  17   50159.50  -1903    4592               25            1    1      
   MAR  18   50160.50  -1872    4630     39927     25            1    1     2
   MAR  19   50161.50  -1840    4672     39683     25            1    1     4
   MAR  20   50162.50  -1812    4715     39440     25            1    1     5
  
   MAR  21   50163.50  -1787    4755     39210     25            1    1     6
   MAR  22   50164.50  -1767    4791     38992     25            1    1     7
   MAR  23   50165.50  -1753    4823     38781     25            1    1     8
   MAR  24   50166.50  -1731    4849               25            1    1      
   MAR  25   50167.50  -1707    4874     38376     25            1    1     2
  
   MAR  26   50168.50  -1680    4904     38190     25            1    1     3
   MAR  27   50169.50  -1651    4933     38006     24            1    1     4
   MAR  28   50170.50  -1621    4963     37806     24            1    1     5
   MAR  29   50171.50  -1593    4993     37609     24            1    1     6
   MAR  30   50172.50  -1566    5021     37403     24            1    1     7
  
   MAR  31   50173.50  -1540    5051               24            1    1      
   APR   1   50174.50  -1513    5080     36962     24            1    1     2
   APR   2   50175.50  -1491    5109     36718     24            1    1     4
   APR   3   50176.50  -1474    5135     36469     24            1    1     5
   APR   4   50177.50  -1456    5155     36212     24            1    1     5
  
   APR   5   50178.50  -1435    5173     35958     24            1    1     6
   APR   6   50179.50  -1415    5190     35708     24            1    1     7
   APR   7   50180.50  -1402    5208               24            1    1      
   APR   8   50181.50  -1377    5227     35264     24            1    1     2
   APR   9   50182.50  -1347    5255     35041     24            1    1     3
  
   APR  10   50183.50  -1318    5283     34804     24            1    1     4
   APR  11   50184.50  -1290    5313     34560     25            1    1     5
   APR  12   50185.50  -1261    5342     34317     23            1    1     6
   APR  13   50186.50  -1229    5370     34066     23            1    1     7
  
  
         7 -m - EOP(IGS)  95 P 01 
                Units : 0.0001" for x,y, 0.00001s for UT1 and D.
  
     Date                                                        Uncertainties
     1996      MJD        x       y               Passes  Span   x    y   
                                                          hours
  
   MAR   1   50143.50  -2174    3994                             1    1     
   MAR   2   50144.50  -2158    4037                             1    1     
   MAR   3   50145.50  -2139    4076                             1    1     
   MAR   4   50146.50  -2120    4118                             1    1     
   MAR   5   50147.50  -2102    4160                             1    1     
 
   MAR   6   50148.50  -2083    4202                             1    1     
   MAR   7   50149.50  -2066    4241                             1    1     
   MAR   8   50150.50  -2052    4278                             1    1     
   MAR   9   50151.50  -2040    4315                             1    1     
   MAR  10   50152.50  -2026    4350                             1    1     
  
   MAR  11   50153.50  -2010    4381                             2    1     
   MAR  12   50154.50  -1994    4418                             1    2     
   MAR  13   50155.50  -1981    4452                             1    1     
   MAR  14   50156.50  -1963    4488                             1    1     
   MAR  15   50157.50  -1943    4522                             1    1     
  
   MAR  16   50158.50  -1923    4556                             1    1     
   MAR  17   50159.50  -1902    4590                             1    1     
   MAR  18   50160.50  -1874    4626                             2    1     
   MAR  19   50161.50  -1839    4670                             1    1     
   MAR  20   50162.50  -1809    4714                             1    1     
  
   MAR  21   50163.50  -1784    4755                             1    1     
   MAR  22   50164.50  -1765    4793                             2    1     
   MAR  23   50165.50  -1752    4821                             1    1     
   MAR  24   50166.50  -1731    4847                             1    1     
   MAR  25   50167.50  -1706    4874                             1    1     
  
   MAR  26   50168.50  -1679    4901                             1    1     
   MAR  27   50169.50  -1649    4931                             1    1     
   MAR  28   50170.50  -1618    4960                             1    1     
   MAR  29   50171.50  -1590    4991                             1    1     
   MAR  30   50172.50  -1563    5019                             1    1     
  
   MAR  31   50173.50  -1537    5048                             1    1     
   APR   1   50174.50  -1512    5077                             1    1     
   APR   2   50175.50  -1491    5107                             1    1     
   APR   3   50176.50  -1472    5134                             1    1     
   APR   4   50177.50  -1455    5154                             1    1     
  
   APR   5   50178.50  -1436    5171                             1    1     
   APR   6   50179.50  -1417    5189                             1    1     
   APR   7   50180.50  -1398    5207                             1    1     
   APR   8   50181.50  -1375    5227                             1    1     
   APR   9   50182.50  -1344    5252                             1    1     
  
   APR  10   50183.50  -1315    5280                             1    2     
   APR  11   50184.50  -1287    5310                             1    2     
   APR  12   50185.50  -1257    5341                             1    2     
   APR  13   50186.50  -1227    5366                             1    2     
   APR  14   50187.50  -1189    5393                             1    2     
 
   APR  15   50188.50  -1152    5419                             1    2     
   APR  16   50189.50  -1117    5445                             1    1     
   APR  17   50190.50  -1088    5469                             1    1     
   APR  18   50191.50  -1059    5493                             1    1     
   APR  19   50192.50  -1030    5515                             1    2     
  
   APR  20   50193.50  -1000    5537                             1    2     
  
  
         7 -n - EOP(IERS) 95 P 01 
                Units : 0.0001" for x,y, 0.00001s for UT1 and D.
  
     Date                                                        Uncertainties
     1996      MJD        x       y      UT1-UTC  Passes  Span   x    y   UT1-UTC
                                                          hours
  
   MAR   1   50143.50  -2174    3997     43967                   1    2     4
   MAR   2   50144.50  -2156    4038     43764                   1    1     4
   MAR   3   50145.50  -2137    4078     43545                   1    1     4
   MAR   4   50146.50  -2117    4119     43310                   1    2     4
   MAR   5   50147.50  -2099    4161     43064                   1    1     4
  
   MAR   6   50148.50  -2080    4204     42809                   1    1     4
   MAR   7   50149.50  -2064    4242     42548                   1    1     4
   MAR   8   50150.50  -2053    4279     42285                   1    1     4
   MAR   9   50151.50  -2039    4315     42026                   1    1     4
   MAR  10   50152.50  -2024    4349     41771                   1    1     4
  
   MAR  11   50153.50  -2010    4383     41523                   2    1     4
   MAR  12   50154.50  -1991    4417     41286                   1    1     4
   MAR  13   50155.50  -1981    4452     41062                   1    1     4
   MAR  14   50156.50  -1960    4489     40842                   1    2     4
   MAR  15   50157.50  -1939    4522     40622                   1    1     4
  
   MAR  16   50158.50  -1921    4556     40395                   1    1     4
   MAR  17   50159.50  -1900    4593     40161                   1    2     4
   MAR  18   50160.50  -1871    4627     39923                   1    1     4
   MAR  19   50161.50  -1837    4671     39682                   1    1     4
   MAR  20   50162.50  -1806    4715     39437                   1    1     4
  
   MAR  21   50163.50  -1780    4758     39198                   1    1     4
   MAR  22   50164.50  -1762    4794     38974                   1    1     4
   MAR  23   50165.50  -1749    4822     38764                   2    1     4
   MAR  24   50166.50  -1728    4848     38564                   2    2     4
   MAR  25   50167.50  -1703    4876     38374                   2    1     4
  
   MAR  26   50168.50  -1677    4902     38189                   1    1     4
   MAR  27   50169.50  -1647    4934     38003                   1    1     4
   MAR  28   50170.50  -1616    4961     37812                   1    1     4
   MAR  29   50171.50  -1588    4992     37614                   1    1     4
   MAR  30   50172.50  -1562    5021     37409                   1    2     4
  
   MAR  31   50173.50  -1535    5050     37191                   2    1     4
   APR   1   50174.50  -1509    5079     36958                   2    1     4
   APR   2   50175.50  -1487    5110     36715                   1    1     4
   APR   3   50176.50  -1470    5136     36466                   1    1     4
   APR   4   50177.50  -1452    5157     36215                   1    1     4
  
   APR   5   50178.50  -1433    5173     35966                   1    1     4
   APR   6   50179.50  -1413    5192     35723                   1    1     4
   APR   7   50180.50  -1396    5208     35483                   2    1     4
   APR   8   50181.50  -1373    5227     35251                   2    1     4
   APR   9   50182.50  -1341    5252     35023                   1    1     4
  
   APR  10   50183.50  -1312    5282     34795                   2    2     4
   APR  11   50184.50  -1285    5311     34560                   1    2     4
   APR  12   50185.50  -1255    5342     34318                   2    2     4
   APR  13   50186.50  -1222    5366     34065                   1    2     4
   APR  14   50187.50  -1187    5394     33807                   1    2     4
  
   APR  15   50188.50  -1149    5422     33552                   1    2     4
   APR  16   50189.50  -1115    5446     33301                   1    1     4
   APR  17   50190.50  -1085    5471     33056                   1    1     4
   APR  18   50191.50  -1057    5497     32826                   1    1     4
   APR  19   50192.50  -1027    5516     32614                   1    1     4
  
   APR  20   50193.50   -998    5538     32408                   1    1     4
   APR  21   50194.50   -969    5557     32213                   1    1     4
   APR  22   50195.50   -934    5577     32022                   1    1     4
   APR  23   50196.50   -899    5597     31834                   2    1     4
   APR  24   50197.50   -864    5613     31643                   1    1     4
  
   APR  25   50198.50   -830    5632     31446                   1    1     4
   APR  26   50199.50   -791    5643     31241                   1    1     4
   APR  27   50200.50   -749    5655     31024                   1    1     4
   APR  28   50201.50   -707    5676     30796                   1    1     4
   APR  29   50202.50   -665    5703     30558                   1    2     4
  
   APR  30   50203.50   -614    5727     30313                   1    1     4
  
  
         7 -o - EOP(IGS)  96 P 01 
                Units : 0.0001" for x,y, 0.00001s for UT1 and D.
  
     Date                                                        Uncertainties
     1996      MJD        x       y               Passes  Span   x    y 
                                                          hours
  
   MAR   1   50143.50  -2178    3995                             3    2      
   MAR   2   50144.50  -2160    4038                             3    5   
   MAR   3   50145.50  -2140    4081                             1    2   
   MAR   4   50146.50  -2119    4123                             2    2   
   MAR   5   50147.50  -2101    4162                             2    1   
  
   MAR   6   50148.50  -2082    4206                             1    1    
   MAR   7   50149.50  -2065    4247                             2    2    
   MAR   8   50150.50  -2051    4284                             1    3    
   MAR   9   50151.50  -2039    4319                             1    3    
   MAR  10   50152.50  -2025    4351                             1    2   

   MAR  11   50153.50  -2012    4385                             1    1   
   MAR  12   50154.50  -1994    4420                             2    2   
   MAR  13   50155.50  -1980    4453                             1    1    
   MAR  14   50156.50  -1962    4491                             3    1    
   MAR  15   50157.50  -1943    4521                             2    2    
  
   MAR  16   50158.50  -1924    4557                             1    2    
   MAR  17   50159.50  -1901    4592                             1    1   
   MAR  18   50160.50  -1877    4624                             2    1   
   MAR  19   50161.50  -1839    4666                             2    2   
   MAR  20   50162.50  -1808    4712                             1    1    
  
   MAR  21   50163.50  -1783    4754                             1    2    
   MAR  22   50164.50  -1766    4799                             3    6    
   MAR  23   50165.50  -1749    4829                             6    4    
   MAR  24   50166.50  -1728    4852                             3    3   
   MAR  25   50167.50  -1707    4873                             1    2   
  
   MAR  26   50168.50  -1680    4901                             1    1   
   MAR  27   50169.50  -1649    4931                             1    1    
   MAR  28   50170.50  -1617    4961                             1    1    
   MAR  29   50171.50  -1590    4992                             1    1    
   MAR  30   50172.50  -1561    5019                             1    2    
  
   MAR  31   50173.50  -1534    5048                             1    1   
   APR   1   50174.50  -1511    5078                             1    1   
   APR   2   50175.50  -1490    5108                             2    1   
   APR   3   50176.50  -1473    5137                             1    1    
   APR   4   50177.50  -1454    5158                             1    1    
  
   APR   5   50178.50  -1437    5173                             1    2    
   APR   6   50179.50  -1418    5194                             2    2    
   APR   7   50180.50  -1398    5209                             1    1   
   APR   8   50181.50  -1376    5229                             1    1   
   APR   9   50182.50  -1344    5252                             2    1   
  
   APR  10   50183.50  -1314    5280                             1    2    
   APR  11   50184.50  -1285    5312                             1    1    
   APR  12   50185.50  -1259    5342                             1    2    
   APR  13   50186.50  -1226    5369                             2    2    
   APR  14   50187.50  -1190    5395                             2    1    

   APR  15   50188.50  -1151    5421                             1    1   
   APR  16   50189.50  -1115    5446                             1    1   
   APR  17   50190.50  -1083    5471                             1    1   
   APR  18   50191.50  -1058    5498                             2    2    
   APR  19   50192.50  -1029    5515                             1    2    
  
   APR  20   50193.50  -1001    5538                             1    3    
   APR  21   50194.50   -971    5558                             2    3   
   APR  22   50195.50   -937    5581                             2    2   
   APR  23   50196.50   -900    5599                             1    3   
   APR  24   50197.50   -866    5617                             2    2    
  
   APR  25   50198.50   -836    5625                             3    2    
   APR  26   50199.50   -799    5641                             2    4    
   APR  27   50200.50   -754    5654                             2    1   
   APR  28   50201.50   -709    5674                             1    2   
   APR  29   50202.50   -665    5698                             2    2   
  
   APR  30   50203.50   -622    5726                             2    2   

         7-p - Satellite Laser Ranging :  LAGEOS -EOP(CSR)  95 L 01 
                Units : 0.0001" for x,y, 0.00001s for UT1.
  
               Date                                         Uncertainties
               1996      MJD        x     y     UT1-UTC      x     y   UT1-UTC
  
             MAR   2   50144.76  -2149  4051      43707       5     6       4
             MAR   5   50147.89  -2097  4176      42958       5     7       4
             MAR   9   50151.03  -2044  4301      42148       4     5       3
             MAR  12   50154.11  -1997  4412      41368       4     5       3
             MAR  15   50157.44  -1946  4519      40632       4     4       3
  
             MAR  18   50160.51  -1875  4624      39921       4     5       3
             MAR  20   50162.77  -1799  4731      39374       3     3       2
             MAR  24   50166.04  -1741  4842      38654       5     5       3
             MAR  27   50169.58  -1643  4933      37982       3     4       3
             MAR  30   50172.17  -1567  5009      37471       3     3       3
  
             APR   2   50175.34  -1492  5104      36762       4     3       3
             APR   4   50177.63  -1450  5158      36189       4     4       3
             APR   8   50181.12  -1384  5217      35336       7     4       4
             APR  11   50184.24  -1288  5307      34624       6     4       3
             APR  13   50186.77  -1213  5379      33997       4     4       2
  
             APR  17   50190.11  -1095  5460      33148       3     3       2
             APR  20   50193.27  -1000  5542      32451       3     3       9
             APR  23   50196.11   -911  5592      31903       2     2      18
             APR  26   50199.11   -810  5641      31316       4     4      27
             APR  28   50201.89   -698  5685      30687       7     4      35
  
  
         7-q - Satellite Laser Ranging :  LAGEOS -EOP(DUT)  93 L 03 
                Units : 0.0001" for x,y, 0.00001s for UT1.
  
               Date                                         Uncertainties
               1996      MJD        x     y     UT1-UTC      x     y   UT1-UTC
  
             MAR   3   50145.00  -2133  4067      47798       2     2       2
             MAR   6   50148.00  -2078  4199      47077       1     1       1
             MAR   9   50151.00  -2039  4313      46298       1     1       1
             MAR  12   50154.00  -1990  4416      45540       1     1       1
             MAR  15   50157.00  -1952  4514      44839       1     1       1
  
             MAR  18   50160.00  -1872  4626      44171       1     1       1
             MAR  21   50163.00  -1784  4746      43446       1     1       1
             MAR  24   50166.00  -1719  4852      42783       2     2       2
             MAR  27   50169.00  -1646  4929      42211       1     1       1
             MAR  30   50172.00  -1562  5019      41641       1     2       1
  
             APR   2   50175.00  -1493  5112      40968       1     1       1
             APR   5   50178.00  -1425  5181      40225       2     1       1
             APR   8   50181.00  -1366  5237      39502       2     1       1
             APR  11   50184.00  -1286  5312      38799       2     1       1
             APR  14   50187.00  -1194  5394      38072       1     2       1
  
             APR  17   50190.00  -1090  5468      37295       1     1       1
  
  
         7-r - Satellite Laser Ranging :  LAGEOS -EOP(IAA)  96 L 02 
                Units : 0.0001" for x,y, 0.00001s for UT1.
  
               Date                                         Uncertainties
               1996      MJD        x     y          D       x     y        D
  
             MAR   1   50143.00  -2176  3979        193       2     1       5
             MAR   2   50144.00  -2158  4020        205       2     1       5
             MAR   3   50145.00  -2140  4061        221       2     1       5
             MAR   4   50146.00  -2122  4102        234       2     1       5
             MAR   5   50147.00  -2105  4142        251       2     1       1
  
             MAR   6   50148.00  -2087  4184        260       1     2       1
             MAR   7   50149.00  -2073  4224        261       1     2       2
             MAR   8   50150.00  -2059  4263        260       1     2       2
             MAR   9   50151.00  -2044  4301        259       1     2       3
             MAR  10   50152.00  -2029  4338        257       2     1       2
  
             MAR  11   50153.00  -2013  4373        249       2     2       2
             MAR  12   50154.00  -1998  4407        237       2     2       3
             MAR  13   50155.00  -1985  4442        225       1     2       2
             MAR  14   50156.00  -1971  4475        218       1     2       3
             MAR  15   50157.00  -1953  4510        220       1     2       2
  
             MAR  16   50158.00  -1933  4543        225       2     3       1
             MAR  17   50159.00  -1911  4574        234       2     5       3
             MAR  18   50160.00  -1886  4608        239       2     4       3
             MAR  19   50161.00  -1857  4644        243       3     2       2
             MAR  20   50162.00  -1821  4690        241       2     3       3
  
             MAR  21   50163.00  -1794  4737        235       4     2       1
             MAR  22   50164.00  -1773  4775        227       3     3       4
             MAR  23   50165.00  -1751  4808        210       2     3       5
             MAR  24   50166.00  -1729  4839        199       2     3       4
             MAR  25   50167.00  -1705  4866        192       1     3       1
  
             MAR  26   50168.00  -1680  4892        191       2     2       2
             MAR  27   50169.00  -1654  4920        187       2     2       3
             MAR  28   50170.00  -1626  4950        189       2     2       3
             MAR  29   50171.00  -1597  4981        196       3     2       5
             MAR  30   50172.00  -1571  5009        199       3     2       6
  
             MAR  31   50173.00  -1546  5038        209       3     2       6
             APR   1   50174.00  -1523  5067        224       2     2       6
             APR   2   50175.00  -1497  5097        247       2     1       5
             APR   3   50176.00  -1476  5123        254       2     1       4
             APR   4   50177.00  -1458  5146        253       2     2       4
  
             APR   5   50178.00  -1440  5166        248       2     2       4
             APR   6   50179.00  -1420  5186        240       1     2       4
             APR   7   50180.00  -1397  5203        233       2     2       6
             APR   8   50181.00  -1372  5223        231       3     2       6
             APR   9   50182.00  -1346  5245        233       3     2       7
  
             APR  10   50183.00  -1317  5271        235       3     1       5
             APR  11   50184.00  -1288  5299        237       3     2       4
             APR  12   50185.00  -1266  5330        243       3     2       2
             APR  13   50186.00  -1237  5358        254       2     3       4
             APR  14   50187.00  -1203  5383        259       2     3       4
  
             APR  15   50188.00  -1167  5409        260       1     3       3
             APR  16   50189.00  -1130  5433        255       2     3       4
             APR  17   50190.00  -1097  5459        244       2     2       2
             APR  18   50191.00  -1067  5487        228       1     1       3
             APR  19   50192.00  -1040  5512        212       1     2       3
  
             APR  20   50193.00  -1010  5531        201       2     2       3
             APR  21   50194.00   -978  5550        194       2     2       3
             APR  22   50195.00   -945  5570        189       2     1       3
             APR  23   50196.00   -912  5592        186       2     2       2
             APR  24   50197.00   -881  5610        192       1     2       1
  
             APR  25   50198.00   -846  5623        200       1     2       1
             APR  26   50199.00   -810  5635        209       2     1       1
             APR  27   50200.00   -771  5651        218       1     1       1
             APR  28   50201.00   -729  5669        229       1     1       1
             APR  29   50202.00   -682  5690        240       1     1       1
  
             APR  30   50203.00   -631  5715        251       2     2       3
  
  
         7-s - Satellite Laser Ranging :  LAGEOS -EOP(MCC)  94 L 01 
                Units : 0.0001" for x,y, 0.00001s for UT1.
  
               Date                                         Uncertainties
               1996      MJD        x     y          D      x     y         D
  
             MAR   3   50145.00  -2119  4074        216       3     1       1
             MAR   6   50148.00  -2099  4199        260       3     2       3
             MAR   9   50151.00  -2035  4317        255       2     2       1
             MAR  12   50154.00  -1987  4416        237       1     1       1
             MAR  15   50157.00  -1950  4527        220       2     1       1
  
             MAR  18   50160.00  -1876  4637        232       1     2       1
             MAR  21   50163.00  -1794  4739        233       1     1       1
             MAR  24   50166.00  -1729  4854        198       1     2       1
             MAR  27   50169.00  -1663  4928        187       2     1       1
             MAR  30   50172.00  -1556  5021        200       2     1       1
  
             APR   2   50175.00  -1499  5099        235       1     1       1
             APR   5   50178.00  -1438  5159        234       1     1       1
             APR   8   50181.00  -1377  5207        249       2     2       2
             APR  11   50184.00  -1306  5291        241       2     2       1
             APR  14   50187.00  -1209  5377        252       1     1       1
  
             APR  17   50190.00  -1097  5454        248       1     1       1
             APR  20   50193.00  -1006  5519        200       1     1       1
