                                                                BULLETIN B  98
                                                                  2 April 1996  
  
    Contents described in the Explanatory Supplement, mailed with Bulletin B97    
  
 1 - EARTH ORIENTATION PARAMETERS (IERS evaluation)
     The values in this section are samplings of section 2 given at five-day
     intervals.

  
    Date    MJD     x       y    UT1R-UTC    UT1R-TAI     dPsi    dEpsilon
    1996            "       "        s           s        0.001"   0.001"
     (0h UTC)
  
 Final Bulletin B values
  
  FEB   1  50114 -0.2213  0.2909  0.49962   -29.50038    -28.7     -5.8
  FEB   6  50119 -0.2232  0.3097  0.49008   -29.50992    -28.2     -5.8
  FEB  11  50124 -0.2247  0.3255  0.48019   -29.51981    -28.3     -6.2
  FEB  16  50129 -0.2191  0.3427  0.47012   -29.52988    -29.8     -5.6
  FEB  21  50134 -0.2213  0.3636  0.45960   -29.54040    -28.8     -6.0
  
  FEB  26  50139 -0.2207  0.3822  0.44888   -29.55112    -30.5     -6.6
  MAR   2  50144 -0.2164  0.4018  0.43810   -29.56190    -28.7     -7.2
  
 Preliminary extension, to be updated  weekly in Bulletin A and monthly
  in Bulletin B.
  
  MAR   7  50149 -0.2071  0.4223  0.42617   -29.57383    -28.7     -7.2
  MAR  12  50154 -0.1998  0.4400  0.41369   -29.58631    -29.7     -7.7
  MAR  17  50159 -0.1911  0.4572  0.40260   -29.59740    -27.9     -8.0
  
  MAR  22  50164 -0.1771  0.4777  0.39216   -29.60784    -29.4     -7.9
  MAR  27  50169 -0.1609  0.4916  0.38124   -29.61876    -29.1     -8.0
  APR   1  50174 -0.1469  0.5072  0.36973   -29.63027    -28.4     -7.6
  APR   6  50179 -0.1310  0.5221  0.35743   -29.64257    -29.6     -8.0
  APR  11  50184 -0.1152  0.5345  0.34451   -29.65549    -28.1     -8.3
  
  APR  16  50189 -0.0989  0.5459  0.33115   -29.66885    -28.7     -7.9
  APR  21  50194 -0.0817  0.5559  0.31752   -29.68248    -29.1     -8.7
  APR  26  50199 -0.0640  0.5647  0.30374   -29.69626    -27.4     -8.6
  MAY   1  50204 -0.0457  0.5720  0.28996   -29.71004    -28.5     -8.3
  MAY   6  50209 -0.0268  0.5781  0.27628   -29.72372    -28.4     -8.9
  
  MAY  11  50214 -0.0076  0.5827  0.26281   -29.73719    -27.7     -8.4
  MAY  16  50219  0.0120  0.5860  0.24965   -29.75035    -29.6     -8.4
  MAY  21  50224  0.0318  0.5878  0.23687   -29.76313    -28.7     -8.8
  MAY  26  50229  0.0516  0.5881  0.22454   -29.77546    -28.8     -8.1
  MAY  31  50234  0.0714  0.5870  0.21270   -29.78730    -30.4     -8.5
  
 Note. In UT1R, the effects of zonal tides with periods shorter than 35 days are
 removed; UT1-UT1R (smaller than 0.0025s in absolute value) should be added 
 after quadratic interpolation of UT1R. Section 2 of this Bulletin gives the 
 daily interpolation of x, y, UT1, duration of day, dPsi, and dEpsilon.
  

 2 - SMOOTHED VALUES OF X, Y, UT1, D, DPSI, DEPSILON (IERS EVALUATION)
 at one-day intervals. For smoothing characteristics, see Fig.1 in
 the explanatory supplement. The reference system is described in 
 the 1994 IERS Annual Report.
    1996     MJD       x        y    UT1-UTC  UT1-UT1R   D   dPsi    dEpsilon
    (0 h UTC)          "        "       s        ms     ms   0.001"   0.001"
  FEB   1   50114  -0.2213   0.2909   0.49939  -0.24   1.40  -28.7   -5.8
  FEB   2   50115  -0.2218   0.2946   0.49798   0.15   1.49  -28.5   -5.8
  FEB   3   50116  -0.2222   0.2987   0.49641   0.48   1.62  -28.2   -5.8
  FEB   4   50117  -0.2223   0.3023   0.49473   0.73   1.74  -28.1   -5.8
  FEB   5   50118  -0.2224   0.3059   0.49293   0.89   1.85  -28.0   -5.8
  FEB   6   50119  -0.2232   0.3097   0.49103   0.95   1.93  -28.2   -5.8
  FEB   7   50120  -0.2239   0.3133   0.48908   0.92   2.00  -28.3   -5.8
  FEB   8   50121  -0.2246   0.3169   0.48704   0.82   2.12  -28.2   -5.9
  FEB   9   50122  -0.2253   0.3203   0.48486   0.68   2.16  -28.2   -6.0
  FEB  10   50123  -0.2253   0.3229   0.48274   0.56   2.11  -28.2   -6.1
  FEB  11   50124  -0.2247   0.3255   0.48066   0.46   2.07  -28.3   -6.2
  FEB  12   50125  -0.2239   0.3284   0.47861   0.43   2.01  -28.6   -6.1
  FEB  13   50126  -0.2224   0.3314   0.47662   0.47   1.96  -29.1   -6.0
  FEB  14   50127  -0.2210   0.3348   0.47469   0.54   1.93  -29.6   -5.9
  FEB  15   50128  -0.2198   0.3385   0.47276   0.62   1.95  -29.8   -5.7
  FEB  16   50129  -0.2191   0.3427   0.47076   0.63   2.03  -29.8   -5.6
  FEB  17   50130  -0.2189   0.3476   0.46869   0.54   2.17  -29.7   -5.6
  FEB  18   50131  -0.2190   0.3522   0.46641   0.30   2.39  -29.3   -5.6
  FEB  19   50132  -0.2198   0.3565   0.46392  -0.06   2.57  -29.0   -5.7
  FEB  20   50133  -0.2208   0.3602   0.46130  -0.49   2.63  -28.8   -5.9
  FEB  21   50134  -0.2213   0.3636   0.45869  -0.90   2.56  -28.8   -6.0
  FEB  22   50135  -0.2217   0.3669   0.45620  -1.24   2.43  -29.1   -6.1
  FEB  23   50136  -0.2215   0.3699   0.45385  -1.44   2.28  -29.5   -6.3
  FEB  24   50137  -0.2214   0.3735   0.45164  -1.47   2.11  -30.0   -6.4
  FEB  25   50138  -0.2212   0.3780   0.44963  -1.36   1.94  -30.3   -6.5
  FEB  26   50139  -0.2207   0.3822   0.44776  -1.12   1.82  -30.5   -6.6
  FEB  27   50140  -0.2201   0.3861   0.44599  -0.80   1.73  -30.5   -6.9
  FEB  28   50141  -0.2198   0.3900   0.44428  -0.42   1.69  -30.1   -7.0
  FEB  29   50142  -0.2192   0.3935   0.44259  -0.04   1.76  -29.7   -7.1
  MAR   1   50143  -0.2181   0.3975   0.44074   0.30   1.95  -29.2   -7.1
  MAR   2   50144  -0.2164   0.4018   0.43868   0.58   2.08  -28.7   -7.2
  MAR   3   50145  -0.2144   0.4058   0.43657   0.76   2.18  -28.4   -7.2
  MAR   4   50146  -0.2127   0.4098   0.43431   0.84   2.34  -28.2   -7.1
  MAR   5   50147  -0.2109   0.4138   0.43189   0.81   2.49  -28.2   -7.1
  MAR   6   50148  -0.2090   0.4182   0.42934   0.71   2.59  -28.3   -7.2
  MAR   7   50149  -0.2071   0.4223   0.42673   0.56   2.59  -28.7   -7.2
  MAR   8   50150  -0.2058   0.4260   0.42416   0.41   2.57  -29.1   -7.3
  MAR   9   50151  -0.2043   0.4298   0.42160   0.29   2.58  -29.5   -7.3
  MAR  10   50152  -0.2030   0.4333   0.41901   0.25   2.55  -29.7   -7.5
  MAR  11   50153  -0.2017   0.4366   0.41650   0.28   2.46  -29.7   -7.6
  MAR  12   50154  -0.1998   0.4400   0.41407   0.37   2.39  -29.7   -7.7
  MAR  13   50155  -0.1986   0.4434   0.41171   0.49   2.28  -29.3   -7.7
  MAR  14   50156  -0.1971   0.4470   0.40948   0.58   2.18  -28.8   -7.8
  MAR  15   50157  -0.1950   0.4504   0.40733   0.59   2.18  -28.4   -7.9
  MAR  16   50158  -0.1931   0.4537   0.40512   0.47   2.26  -28.1   -8.0
  MAR  17   50159  -0.1911   0.4572   0.40281   0.22   2.34  -27.9   -8.0
  MAR  18   50160  -0.1887   0.4606   0.40046  -0.14   2.43  -28.0   -8.0
  MAR  19   50161  -0.1855   0.4647   0.39798  -0.55   2.48  -28.2   -7.9
  MAR  20   50162  -0.1820   0.4695   0.39552  -0.92   2.43  -28.7   -7.9
  MAR  21   50163  -0.1791   0.4738   0.39314  -1.19   2.34  -29.0   -7.9
  MAR  22   50164  -0.1771   0.4777   0.39084  -1.31   2.24  -29.4   -7.9
  MAR  23   50165  -0.1753   0.4809   0.38865  -1.28   2.09  -29.5   -8.0
  MAR  24   50166  -0.1727   0.4833   0.38666  -1.12   1.93  -29.7   -8.0
  MAR  25   50167  -0.1689   0.4857   0.38479  -0.84   1.85  -29.7   -8.0
  MAR  26   50168  -0.1647   0.4885   0.38295  -0.50   1.83  -29.6   -7.9
  MAR  27   50169  -0.1609   0.4916   0.38111  -0.13   1.86  -29.1   -8.0
  MAR  28   50170  -0.1576   0.4948   0.37922   0.22   1.93  -28.6   -8.0
  MAR  29   50171  -0.1547   0.4980   0.37725   0.51   2.03  -28.4   -7.9
  MAR  30   50172  -0.1521   0.5011   0.37515   0.72   2.16  -28.2   -7.7
  MAR  31   50173  -0.1495   0.5042   0.37293   0.83   2.30  -28.3   -7.7
  
  
 3 - NORMAL VALUES OF THE EARTH ORIENTATION PARAMETERS AT FIVE-DAY INTERVALS 
       (IERS evaluation).
  
                        Raw normal values                     Uncertainties
  
  
   1996   MJD     x        y     UT1-UTC   dPsi  dEps     x    y   UT1  dPsi dEps
    (0 h UTC)     "        "        s        0.001"       0.001" 0.0001s  0.001"
  
 FEB  1 50114 -0.22152  0.29084  0.499396 -29.01 -6.10  0.12 0.11 0.07 0.25 0.15
 FEB  6 50119 -0.22334  0.30960  0.491039 -28.18 -5.84  0.12 0.11 0.06 0.17 0.12
 FEB 11 50124 -0.22454  0.32547  0.480654 -28.36 -6.16  0.16 0.14 0.12 0.61 0.24
 FEB 16 50129 -0.21913  0.34262  0.470759 -30.15 -5.68  0.12 0.11 0.08 0.36 0.15
 FEB 21 50134 -0.22129  0.36393  0.458687 -28.84 -6.11  0.13 0.12 0.07 0.22 0.13
  
 FEB 26 50139 -0.22057  0.38199  0.447756 -30.20 -5.87  0.14 0.13 0.09 0.33 0.14
 MAR  2 50144 -0.21649  0.40152  0.438675    -     -    0.12 0.11 0.13  -    -  
 MAR  7 50149 -0.20709  0.42226  0.426732 -28.81 -7.06  0.11 0.11 0.06 0.21 0.11
 MAR 12 50154 -0.19971  0.44043  0.414065 -29.43 -7.56  0.13 0.12 0.08 0.26 0.15
 MAR 17 50159 -0.19111  0.45690  0.402814    -     -    0.12 0.12 0.15  -    -  
  
 MAR 22 50164 -0.17683  0.47780  0.390817 -29.02 -7.67  0.12 0.11 0.08 0.32 0.16
  
  
 4 - DURATION OF THE DAY AND ANGULAR VELOCITY OF THE EARTH (IERS evaluation)
    The data  of this section are smoothed, with the same characteristics as 
 UT1R in section 1. They are corrected for the effects of zonal tides with 
 periods up to 35 days.Section 2  gives the daily interpolation of D.
  
        Date (0h UTC)             DR               OmegaR   
        1996    MJD               s             (microrad/s)
                             
  
      FEB  1   50114            0.00181         72.921  14994
      FEB  6   50119            0.00195                 14983
      FEB 11   50124            0.00201                 14977
      FEB 16   50129            0.00200                 14978
      FEB 21   50134            0.00218                 14963
  
      FEB 26   50139            0.00211                 14969
   
   
  
  5 - INFORMATION ON TIME SCALES (reproduced from IERS Bulletins C and D)       
                                                                                
      UTC-TAI :                                                                 
                   A POSITIVE  LEAP SECOND WAS INTRODUCED                       
                   IN UTC-TAI AT THE END OF DECEMBER 1995.                      
                                                                                
      From 1994 July    1, 0hUTC, through 1995 December 31, UTC-TAI=-29s exactly
      From 1996 January 1, 0hUTC, until further notice,     UTC-TAI=-30s exactly
                                                                                
      DUT1(UT1-UTC) transmitted with time signals :                             
                                                                                
      From 1996  April 11, 0hUTC, through 1996  May 15 ,DUT1= +0.3s             
      From 1996  May   16, 0hUTC, until further notice ,DUT1= +0.2s             
                                                                                
   
   
 6 - SUMMARY OF CONTRIBUTED EARTH ORIENTATION PARAMETERS SERIES
     This section gives the average precision of the individual series
 contributing to the combination and their average agreement with it. The 
 periods covered start at  the beginning of the first month in Section 1 
 and end with the last available value in the individual series considered.
     The complete list of measurements is available in the electronic-mailed
 version of Bulletin B in section 7.

    Units : 0.001" for x,y ,  0.0001s for UT1, 0.001" for dPsi, dEpsi.

--------------------------------------------------------------------------------
  EOP series                         Mean  formal  uncertainty
  Periods covered                    Weighted RMS agreement with Bulletin B
--------------------------------------------------------------------------------
                                                                      Data
                                        x     y     UT   dPsi  dEps   Number

 VLBI
   EOP(JPL)  95 R 01 Au-Ca              -     -    1.03   -     -         7
   50119.47 to 50168.34                 -     -    1.35   -     -  

   EOP(JPL)  95 R 01 Sp-Ca              -     -    0.56   -     -         7
   50118.08 to 50166.02                 -     -    0.95   -     -  

   EOP(IAA)  95 R 01                   0.11  0.10  0.05  0.20  0.08       5
   50120.25 to 50148.25                0.27  0.06  0.11  0.27  0.10

   EOP(USNO) 96 R 04                   0.14  0.10  0.07  0.20  0.07       8
   50120.25 to 50162.25                0.14  0.11  0.03  0.16  0.72

   EOP(USNO) 96 R 05                    -     -    0.27   -     -        33
   50114.85 to 50165.97                 -     -    0.12   -     -  

 LLR 
   EOP(UTXMO)96 M 01 Cerga              -     -    1.45   -     -         6
   50124.15 to 50142.93                 -     -    1.91   -     -  

   EOP(UTXMO)96 M 01 TLRS               -     -    2.07   -     -         7
   50114.28 to 50152.46                 -     -    2.10   -     -  

 GPS 
   EOP(CODE) 95 P 01                   0.02  0.02   -     -     -        52
   50114.50 to 50165.50                0.22  0.24   -     -     -  

   EOP(EMR)  95 P 01                   0.08  0.09   -     -     -        52
   50114.50 to 50165.50                0.30  0.20   -     -     -  

   EOP(ESOC) 95 P 01                   0.05  0.06   -     -     -        51
   50114.50 to 50165.50                0.26  0.50   -     -     -  

   EOP(GFZ)  95 P 01                   0.01  0.01   -     -     -        52
   50114.50 to 50165.50                0.27  0.21   -     -     -  

   EOP(JPL)  95 P 01                   0.05  0.05   -     -     -        52
   50114.50 to 50165.50                0.18  0.12   -     -     -  

   EOP(NOAA) 95 P 02                   0.03  0.03   -     -     -        55
   50114.50 to 50168.50                1.15  0.41   -     -     -  

   EOP(SIO)  95 P 01                   0.08  0.08   -     -     -        50
   50114.50 to 50165.50                0.21  0.26   -     -     -  

   EOP(IGS)  95 P 01                   0.09  0.10   -     -     -        45
   50114.50 to 50158.50                0.13  0.11   -     -     -  

   EOP(IERS) 95 P 01                   0.11  0.08  0.40   -     -        52
   50114.50 to 50165.50                0.12  0.10  0.50   -     -  

   EOP(IGS)  96 P 01                   0.17  0.21   -     -     -        58
   50114.50 to 50171.50                0.30  0.28   -     -     -  

 SLR 
   EOP(CSR)  95 L 01                   0.47  0.52  0.73   -     -        18
   50114.70 to 50166.03                0.10  0.28  1.14   -     -  

   EOP(DUT)  93 L 03                   0.14  0.14   -     -     -        17
   50115.00 to 50163.00                0.44  0.46   -     -     -  

   EOP(IAA)  95 L 07                   0.19  0.20   -     -     -        55
   50114.06 to 50168.00                0.77  0.67   -     -     -  

   EOP(MCC)  94 L 01                   0.23  0.16   -     -     -        16
   50115.00 to 50160.00                1.01  0.62   -     -     -  

      
 7 - INDIVIDUAL SERIES OF EARTH ORIENTATION PARAMETERS
     The series listed hereafter,obtained  by the IERS Operational Centres,
 have been used for the evaluations of Section 1. They are described in 
 IERS Annual Report or in the IERS Technical Notes .
  
  
         7-a- Very Long Base Radio Interferometry - EOP(JPL)  95 R 01 
               Units : 0.0001" for Latitude , 0.00001s for UT0.
  
               Date                                     Uncertainties
               1996      MJD         Lat.    UT0-UTC    Lat.  UT0-UTC
  
            Baseline : Australia-California

             FEB   6   50119.47     -2383     50954       6     20
             FEB  22   50135.42     -2923     47530       2      9
             FEB  29   50142.37     -3199     46253       2      8
             MAR   7   50149.36     -3505     44602       2      8
             MAR  14   50156.35     -3771     42873       2      8

             MAR  21   50163.32     -4074     41163       2      8
             MAR  26   50168.34     -4242     40130       3     11
  
            Baseline : Spain-California

             FEB   5   50118.08     -3484     49326      12      5
             FEB  11   50124.07     -3568     48095      36     13
             FEB  26   50139.03     -3851     44860      11      5
             MAR   3   50145.90     -3917     43529       8      4
             MAR  10   50152.88     -3960     41764       8      4

             MAR  17   50159.04     -3974     40363       9      4
             MAR  24   50166.02     -3980     38777       8      4
  
  
     7-b - Very Long Base Radio Interferometry - EOP(IAA)  95 R 01 
       Units : 0.0001" for x,y , 0.00001s for UT1 ,0.0001" for dPsi,dEpsi.
  
     Date                                                    Uncertainties
     1996     MJD       x     y   UT1-UTC dPsi dEpsi   x   y  UT1-UTC  dPsi dEpsi
  
   FEB   7  50120.25 -2246  3143   48860 -284 -59      1   1      1      2    1
   FEB  14  50127.25 -2207  3358   47419 -293 -55      2   2      1      3    1
   FEB  21  50134.25 -2221  3644   45806 -292 -59      1   1      1      2    1
   FEB  28  50141.25 -2201  3908   44387 -295 -69      2   1      1      2    1
   MAR   6  50148.25 -2089  4193   42870 -284 -71      1   1      1      1    0
  
  
     7-c - Very Long Base Radio Interferometry - EOP(USNO) 96 R 04 
       Units : 0.0001" for x,y , 0.00001s for UT1 ,0.0001" for dPsi,dEpsi.
  
     Date                                                    Uncertainties
     1996     MJD       x     y   UT1-UTC dPsi dEpsi   x   y  UT1-UTC  dPsi dEpsi
  
   FEB   7  50120.25 -2244  3128   48862 -286 -58      1   1      1      1    0
   FEB  13  50126.04 -2225  3302   47659 -293 -61      3   2      2      4    1
   FEB  14  50127.25 -2211  3342   47424 -302 -59      2   1      1      2    1
   FEB  21  50134.25 -2216  3628   45809 -290 -61      1   1      1      2    1
   FEB  28  50141.25 -2201  3893   44390 -307 -71      2   1      1      2    1
  
   MAR   6  50148.25 -2086  4179   42872 -289 -72      1   1      1      1    0
   MAR  13  50155.25 -1985  4427   41118 -294 -78      1   1      1      2    1
   MAR  20  50162.25 -1816  4689   39495 -289 -80      1   1      1      2    1
  
  
     7-d - Very Long Base Radio Interferometry - EOP(USNO) 96 R 05 
       Units : 0.0001" for x,y , 0.00001s for UT1 ,0.0001" for dPsi,dEpsi.
  
     Date                                                    Uncertainties
     1996     MJD       x     y   UT1-UTC dPsi dEpsi   x   y  UT1-UTC  dPsi dEpsi
  
   FEB   1  50114.85               49823                          2            
   FEB   2  50115.85               49668                          3            
   FEB   3  50116.85               49505                          3            
   FEB   4  50117.10               49457                          2            
   FEB   7  50120.84               48743                          3            
  
   FEB   8  50121.84               48523                          3            
   FEB   9  50122.83               48313                          3            
   FEB  10  50123.83               48104                          3            
   FEB  11  50124.08               48052                          2            
   FEB  12  50125.83               47699                          3            
  
   FEB  14  50127.82               47314                          3            
   FEB  15  50128.82               47115                          3            
   FEB  16  50129.82               46911                          3            
   FEB  22  50135.55               45492                          1            
   FEB  23  50136.80               45211                          3            
  
   FEB  29  50142.78               44120                          3            
   MAR   1  50143.78               43917                          4            
   MAR   2  50144.77               43708                          3            
   MAR   3  50145.02               43656                          2            
   MAR   4  50146.77               43250                          3            
  
   MAR   7  50149.76               42480                          3            
   MAR   8  50150.76               42226                          3            
   MAR   9  50151.75               41964                          3            
   MAR  10  50152.00               41904                          2            
   MAR  11  50153.75               41471                          3            
  
   MAR  14  50156.74               40792                          3            
   MAR  15  50157.74               40574                          3            
   MAR  16  50158.73               40346                          3            
   MAR  18  50160.73               39868                          3            
   MAR  21  50163.72               39152                          3            
  
   MAR  22  50164.72               38927                          3            
   MAR  23  50165.72               38721                          4            
   MAR  23  50165.97               38676                          2            
  
  
         7-e - Lunar Laser Ranging - EOP(UTXMO)96 M 01 
               (UNIT : 0.00001s for UT0-UTC)
  
               Date                           Uncertainties
               1996      MJD          UT0-UTC   UTO-UTC    STATION  REFLECTOR
  
             FEB   1    50114.279      50417      20        TLR      HAD
             FEB   8    50121.373      49127      21        TLR      HAD
             FEB   9    50122.475      48883      21        TLR      HAD
             FEB  10    50123.475      48662      21        TLR      HAD
             FEB  11    50124.146      49924      17        CER      HAD
  
             FEB  12    50125.142      49724      25        CER      HAD
             FEB  28    50141.900      46582       7        CER      HAD
             FEB  28    50141.935      46583      14        CER      TRA
             FEB  28    50141.943      46585      12        CER      FRM
             FEB  29    50142.926      46418      12        CER      HAD
  
             MAR   2    50144.161      44217      24        TLR      HAD
             MAR   9    50151.411      42348      18        TLR      HAD
             MAR  10    50152.459      42084      20        TLR      HAD
  
  
         7 -f - EOP(CODE) 95 P 01 
                Units : 0.0001" for x,y, 0.00001s for UT1 and D.
  
     Date                                                        Uncertainties
     1996      MJD        x       y      UT1-UTC  Passes  Span   x    y   UT1-UTC
                                                          hours
  
   FEB   1   50114.50  -2217    2924     51449     25            1    1     1
   FEB   2   50115.50  -2222    2960     51300     25            1    1     1
   FEB   3   50116.50  -2226    2998     51137     24            1    1     1
   FEB   4   50117.50  -2230    3035     50963     24            1    1     1
   FEB   5   50118.50  -2234    3075     50780     24            1    1     1
  
   FEB   6   50119.50  -2238    3111     50584     24            1    1     1
   FEB   7   50120.50  -2245    3147     50378     25            1    1     1
   FEB   8   50121.50  -2251    3181     50162     25            1    1     1
   FEB   9   50122.50  -2256    3211     49944     25            1    1     1
   FEB  10   50123.50  -2253    3238     49732     25            1    1     1
  
   FEB  11   50124.50  -2245    3266     49527     25            1    1     1
   FEB  12   50125.50  -2233    3296     49329     25            1    1     1
   FEB  13   50126.50  -2220    3328     49135     25            1    1     1
   FEB  14   50127.50  -2207    3362     48942     25            1    1     1
   FEB  15   50128.50  -2198    3403     48745     25            1    1     1
  
   FEB  16   50129.50  -2192    3447     48535     25            1    1     1
   FEB  17   50130.50  -2189    3492     48311     25            1    1     1
   FEB  18   50131.50  -2194    3536     48073     25            1    1     1
   FEB  19   50132.50  -2203    3577     47823     25            1    1     1
   FEB  20   50133.50  -2212    3615     47566     25            1    1     1
  
   FEB  21   50134.50  -2217    3649     47313     25            1    1     1
   FEB  22   50135.50  -2218    3682     47074     25            1    1     1
   FEB  23   50136.50  -2218    3717     46855     25            1    1     1
   FEB  24   50137.50  -2215    3757     46655     25            1    1     1
   FEB  25   50138.50  -2211    3800     46466     25            1    1     1
  
   FEB  26   50139.50  -2207    3839     46283     25            1    1     1
   FEB  27   50140.50  -2202    3880     46106     25            1    1     1
   FEB  28   50141.50  -2196    3916     45931     25            1    1     1
   FEB  29   50142.50  -2186    3953     45750     25            1    1     1
   MAR   1   50143.50  -2173    3992     45558     25            1    1     1
  
   MAR   2   50144.50  -2157    4036     45353     25            1    1     1
   MAR   3   50145.50  -2138    4075     45131     25            1    1     1
   MAR   4   50146.50  -2120    4116     44894     25            1    1     1
   MAR   5   50147.50  -2102    4158     44646     25            1    1     1
   MAR   6   50148.50  -2084    4199     44390     25            1    1     1
  
   MAR   7   50149.50  -2067    4239     44131     25            1    1     1
   MAR   8   50150.50  -2053    4277     43869     25            1    1     1
   MAR   9   50151.50  -2039    4314     43609     25            1    1     1
   MAR  10   50152.50  -2025    4347     43355     25            1    1     1
   MAR  11   50153.50  -2011    4382     43112     25            1    1     1
  
   MAR  12   50154.50  -1995    4415     42885     25            1    1     1
   MAR  13   50155.50  -1980    4451     42671     25            1    1     1
   MAR  14   50156.50  -1963    4486     42462     25            1    1     1
   MAR  15   50157.50  -1943    4520     42251     25            1    1     1
   MAR  16   50158.50  -1923    4553     42031     25            1    1     1
  
   MAR  17   50159.50  -1900    4585     41803     25            1    1     1
   MAR  18   50160.50  -1870    4624     41569     25            1    1     1
   MAR  19   50161.50  -1840    4666     41329     25            1    1     1
   MAR  20   50162.50  -1810    4711     41086     25            1    1     1
   MAR  21   50163.50  -1784    4752     40852     25            1    1     1
  
   MAR  22   50164.50  -1767    4789     40631     25            1    1     1
   MAR  23   50165.50  -1750    4819     40422     25            1    1     1
  
  
         7 -g - EOP(EMR)  95 P 01 
                Units : 0.0001" for x,y, 0.00001s for UT1 and D.
  
     Date                                                        Uncertainties
     1996      MJD        x       y      UT1-UTC  Passes  Span   x    y   UT1-UTC
                                                          hours
  
   FEB   1   50114.50  -2219    2928     49190     24            1    1     2
   FEB   2   50115.50  -2225    2967     49038     24            1    1     2
   FEB   3   50116.50  -2229    3007     48875     24            1    1     2
   FEB   4   50117.50  -2229    3044     48699     24            1    1     2
   FEB   5   50118.50  -2233    3080     48516     24            1    1     2
  
   FEB   6   50119.50  -2236    3116     48319     23            1    1     2
   FEB   7   50120.50  -2244    3149     48112     24            1    1     2
   FEB   8   50121.50  -2255    3190     47900     24            1    1     2
   FEB   9   50122.50  -2261    3219     47683     24            1    1     2
   FEB  10   50123.50  -2259    3244     47469     24            1    1     2
  
   FEB  11   50124.50  -2249    3271     47261     24            1    1     2
   FEB  12   50125.50  -2234    3299     47062     24            1    1     2
   FEB  13   50126.50  -2220    3332     46867     24            1    1     2
   FEB  14   50127.50  -2210    3367     46674     24            1    1     2
   FEB  15   50128.50  -2197    3406     46477     24            1    1     2
  
   FEB  16   50129.50  -2193    3452     46272     24            1    1     2
   FEB  17   50130.50  -2192    3500     46048     24            1    1     2
   FEB  18   50131.50  -2196    3547     45811     23            1    1     2
   FEB  19   50132.50  -2206    3591     45566     24            1    1     1
   FEB  20   50133.50  -2215    3622     45303     25            1    1     2
  
   FEB  21   50134.50  -2218    3655     45049     25            1    1     2
   FEB  22   50135.50  -2223    3686     44802     25            1    1     2
   FEB  23   50136.50  -2222    3721     44578     24            1    1     2
   FEB  24   50137.50  -2220    3763     44374     25            1    1     2
   FEB  25   50138.50  -2214    3805     44186     25            1    1     2
  
   FEB  26   50139.50  -2211    3846     43999     25            1    1     2
   FEB  27   50140.50  -2203    3885     43821     25            1    1     2
   FEB  28   50141.50  -2198    3922     43641     25            1    1     2
   FEB  29   50142.50  -2192    3955     43460     25            1    1     2
   MAR   1   50143.50  -2177    3995     43267     25            1    1     2
  
   MAR   2   50144.50  -2160    4039     43064     25            1    1     2
   MAR   3   50145.50  -2141    4080     42844     25            1    1     2
   MAR   4   50146.50  -2120    4122     42608     25            1    1     2
   MAR   5   50147.50  -2103    4164     42364     25            1    1     2
   MAR   6   50148.50  -2085    4206     42107     24            1    1     2
  
   MAR   7   50149.50  -2070    4246     41849     25            1    1     2
   MAR   8   50150.50  -2057    4282     41586     25            1    1     2
   MAR   9   50151.50  -2045    4319     41330     25            1    1     2
   MAR  10   50152.50  -2030    4353     41076     25            1    1     2
   MAR  11   50153.50  -2015    4384     40830     25            1    1     2
  
   MAR  12   50154.50  -1994    4425     40591     24            1    1     2
   MAR  13   50155.50  -1984    4457     40367     24            1    1     2
   MAR  14   50156.50  -1967    4493     40147     24            1    1     2
   MAR  15   50157.50  -1945    4526     39927     24            1    1     2
   MAR  16   50158.50  -1925    4561     39701     24            1    1     2
  
   MAR  17   50159.50  -1905    4595     39469     24            1    1     2
   MAR  18   50160.50  -1881    4629     39234     24            1    1     2
   MAR  19   50161.50  -1841    4673     38997     24            1    1     2
   MAR  20   50162.50  -1812    4718     38756     24            1    1     2
   MAR  21   50163.50  -1788    4759     38521     24            1    1     2
  
   MAR  22   50164.50  -1772    4797     38302     24            1    1     2
   MAR  23   50165.50  -1758    4825     38096     23            1    1     2
  
  
         7 -h - EOP(ESOC) 95 P 01 
                Units : 0.0001" for x,y, 0.00001s for UT1 and D.
  
     Date                                                        Uncertainties
     1996      MJD        x       y          D    Passes  Span   x    y     D   
                                                          hours
  
   FEB   1   50114.50  -2216    2927       150     25            2    2     2
   FEB   2   50115.50  -2219    2964       153     24            1    1     1
   FEB   3   50116.50  -2221    3004       168     24            1    1     1
   FEB   4   50117.50  -2225    3041       179     24            1    1     1
   FEB   5   50118.50  -2233    3077       190     24            1    1     1
  
   FEB   6   50119.50  -2237    3115       197     24            1    1     1
   FEB   7   50120.50  -2242    3151       210     24            1    1     1
   FEB   8   50121.50  -2251    3186       210     24            1    1     1
   FEB   9   50122.50  -2258    3215       215     24            1    1     1
   FEB  10   50123.50  -2253    3241       211     24            1    1     1
  
   FEB  11   50124.50  -2244    3272       202     24            1    1     1
   FEB  12   50125.50  -2227    3302       196     24            1    1     1
   FEB  13   50126.50  -2218    3333       195     24            1    1     1
   FEB  14   50127.50  -2205    3367       194     24            1    1     1
   FEB  15   50128.50  -2193    3407       198     24            1    1     1
  
   FEB  16   50129.50  -2186    3452       212     24            1    1     1
   FEB  17   50130.50  -2188    3500       230     24            1    1     1
   FEB  18   50131.50  -2191    3538       241     23            1    1     1
   FEB  19   50132.50  -2204    3583       254     24            1    1     1
   FEB  20   50133.50  -2213    3623       257     23            1    1     1
  
   FEB  21   50134.50  -2215    3650       250     23            1    1     1
   FEB  22   50135.50  -2218    3680       235     24            1    1     1
   FEB  23   50136.50  -2218    3722       215     24            1    1     1
   FEB  24   50137.50  -2213    3760       195     24            1    1     1
   FEB  25   50138.50  -2209    3800       184     24            1    1     1
  
   FEB  26   50139.50  -2202    3844       179     24            1    1     1
   FEB  27   50140.50  -2200    3881       176     25            1    1     1
   FEB  28   50141.50  -2196    3918       177     25            1    1     1
   MAR   1   50143.50  -2172    3991       203     25            1    1     1
   MAR   2   50144.50  -2155    4038       218     25            1    1     1
  
   MAR   3   50145.50  -2136    4071       234     25            1    1     1
   MAR   4   50146.50  -2121    4120       251     25            1    1     1
   MAR   5   50147.50  -2098    4164       254     24            1    1     1
   MAR   6   50148.50  -2081    4201       264     24            1    1     1
   MAR   7   50149.50  -2064    4244       266     25            1    1     1
  
   MAR   8   50150.50  -2051    4281       262     25            1    1     1
   MAR   9   50151.50  -2041    4321       259     25            1    1     1
   MAR  10   50152.50  -2023    4351       251     25            1    1     1
   MAR  11   50153.50  -2010    4381       242     25            1    1     1
   MAR  12   50154.50  -1993    4416       224     24            1    1     1
  
   MAR  13   50155.50  -1979    4454       212     24            1    1     1
   MAR  14   50156.50  -1960    4492       204     24            1    1     1
   MAR  15   50157.50  -1940    4524       210     24            1    1     1
   MAR  16   50158.50  -1922    4556       220     24            1    1     1
   MAR  17   50159.50  -1901    4589       230     24            1    1     1
  
   MAR  18   50160.50  -1879    4629       219     24            1    1     1
   MAR  19   50161.50  -1841    4665       240     24            1    1     1
   MAR  20   50162.50  -1806    4716       234     24            1    1     1
   MAR  21   50163.50  -1784    4754       225     24            1    1     1
   MAR  22   50164.50  -1765    4792       209     24            1    1     1
  
   MAR  23   50165.50  -1752    4823       197     24            1    1     1
  
  
         7 -i - EOP(GFZ)  95 P 01 
                Units : 0.0001" for x,y, 0.00001s for UT1 and D.
  
     Date                                                        Uncertainties
     1996      MJD        x       y          D    Passes  Span   x    y     D   
                                                          hours
  
   FEB   1   50114.50  -2221    2927       146     24            1    1     3
   FEB   2   50115.50  -2226    2966       154     24            1    1     2
   FEB   3   50116.50  -2229    3006       170     24            1    1     2
   FEB   4   50117.50  -2230    3042       178     24            1    1     2
   FEB   5   50118.50  -2235    3078       186     24            1    1     3
  
   FEB   6   50119.50  -2243    3116       198     24            1    1     3
   FEB   7   50120.50  -2249    3152       205     24            1    1     3
   FEB   8   50121.50  -2256    3187       212     24            1    1     2
   FEB   9   50122.50  -2263    3218       211     24            1    1     3
   FEB  10   50123.50  -2259    3241       202     24            1    1     3
  
   FEB  11   50124.50  -2249    3271       196     24            1    1     3
   FEB  12   50125.50  -2232    3300       187     24            1    1     3
   FEB  13   50126.50  -2222    3333       188     24            1    1     3
   FEB  14   50127.50  -2210    3366       186     24            1    1     2
   FEB  15   50128.50  -2197    3405       196     24            1    1     3
  
   FEB  16   50129.50  -2192    3454       208     24            1    1     3
   FEB  17   50130.50  -2191    3500       228     24            1    1     3
   FEB  18   50131.50  -2194    3544       246     23            1    1     3
   FEB  19   50132.50  -2207    3586       253     24            1    1     2
   FEB  20   50133.50  -2214    3620       255     23            1    1     3
  
   FEB  21   50134.50  -2219    3654       246     24            1    1     3
   FEB  22   50135.50  -2222    3684       229     24            1    1     3
   FEB  23   50136.50  -2222    3719       204     23            1    1     3
   FEB  24   50137.50  -2220    3757       185     24            1    1     3
   FEB  25   50138.50  -2212    3802       175     24            1    1     2
  
   FEB  26   50139.50  -2209    3843       170     24            1    1     2
   FEB  27   50140.50  -2202    3881       168     24            1    1     2
   FEB  28   50141.50  -2202    3918       168     24            1    1     2
   FEB  29   50142.50  -2190    3956       182     24            1    1     2
   MAR   1   50143.50  -2176    3992       192     24            1    1     2
  
   MAR   2   50144.50  -2158    4037       204     24            1    1     2
   MAR   3   50145.50  -2141    4078       222     24            1    1     2
   MAR   4   50146.50  -2121    4126       234     24            1    1     2
   MAR   5   50147.50  -2103    4161       246     24            1    1     2
   MAR   6   50148.50  -2081    4203       256     24            1    1     2
  
   MAR   7   50149.50  -2064    4241       261     24            1    1     2
   MAR   8   50150.50  -2056    4279       251     24            1    1     2
   MAR   9   50151.50  -2042    4314       245     24            1    1     2
   MAR  10   50152.50  -2026    4348       240     24            1    1     2
   MAR  11   50153.50  -2011    4380       234     24            1    1     2
  
   MAR  12   50154.50  -1993    4416       224     24            1    1     2
   MAR  13   50155.50  -1983    4452       214     24            1    1     2
   MAR  14   50156.50  -1962    4491       219     24            1    1     2
   MAR  15   50157.50  -1941    4523       224     24            1    1     2
   MAR  16   50158.50  -1923    4556       235     24            1    1     2
  
   MAR  17   50159.50  -1901    4593       245     24            1    1     2
   MAR  18   50160.50  -1873    4626       239     24            1    1     2
   MAR  19   50161.50  -1838    4671       242     24            1    1     2
   MAR  20   50162.50  -1807    4715       237     24            1    1     2
   MAR  21   50163.50  -1782    4758       227     24            1    1     2
  
   MAR  22   50164.50  -1765    4795       211     24            1    1     2
   MAR  23   50165.50  -1753    4823       197     24            1    1     2
  
  
         7 -j - EOP(JPL)  95 P 01 
                Units : 0.0001" for x,y, 0.00001s for UT1 and D.
  
     Date                                                        Uncertainties
     1996      MJD        x       y          D    Passes  Span   x    y     D   
                                                          hours
  
   FEB   1   50114.50  -2217    2924       139     23            1    1     1
   FEB   2   50115.50  -2223    2967       155     24            1    1     1
   FEB   3   50116.50  -2226    3003       168     24            1    1     1
   FEB   4   50117.50  -2229    3041       178     24            1    1     1
   FEB   5   50118.50  -2233    3077       187     24            1    1     1
  
   FEB   6   50119.50  -2237    3114       198     23            1    1     1
   FEB   7   50120.50  -2244    3151       212     23            1    1     1
   FEB   8   50121.50  -2252    3186       215     24            1    1     1
   FEB   9   50122.50  -2260    3214       215     24            1    1     1
   FEB  10   50123.50  -2256    3239       212     24            1    1     1
  
   FEB  11   50124.50  -2246    3267       206     24            1    1     1
   FEB  12   50125.50  -2234    3295       195     24            1    1     1
   FEB  13   50126.50  -2220    3328       194     24            1    1     1
   FEB  14   50127.50  -2209    3364       191     24            1    1     1
   FEB  15   50128.50  -2197    3404       203     24            1    1     1
  
   FEB  16   50129.50  -2192    3450       212     24            1    1     1
   FEB  17   50130.50  -2191    3497       229     24            1    1     1
   FEB  18   50131.50  -2195    3542       248     24            1    1     1
   FEB  19   50132.50  -2205    3581       258     24            1    1     1
   FEB  20   50133.50  -2212    3617       259     24            1    1     1
  
   FEB  21   50134.50  -2215    3653       250     24            1    1     1
   FEB  22   50135.50  -2219    3680       235     23            1    1     1
   FEB  23   50136.50  -2217    3716       217     23            1    1     1
   FEB  24   50137.50  -2216    3757       198     23            1    1     1
   FEB  25   50138.50  -2209    3800       188     24            1    1     1
  
   FEB  26   50139.50  -2205    3839       182     24            1    1     1
   FEB  27   50140.50  -2201    3878       183     24            1    1     1
   FEB  28   50141.50  -2198    3917       185     24            1    1     1
   FEB  29   50142.50  -2189    3952       189     24            1    1     1
   MAR   1   50143.50  -2176    3996       200     24            1    1     1
  
   MAR   2   50144.50  -2159    4039       212     24            1    1     1
   MAR   3   50145.50  -2140    4075       229     24            1    1     1
   MAR   4   50146.50  -2121    4116       245     24            1    1     1
   MAR   5   50147.50  -2101    4159       249     23            1    1     1
   MAR   6   50148.50  -2082    4202       261     23            1    1     1
  
   MAR   7   50149.50  -2068    4240       271     24            1    1     1
   MAR   8   50150.50  -2050    4277       260     24            1    1     1
   MAR   9   50151.50  -2039    4313       254     24            1    1     1
   MAR  10   50152.50  -2026    4348       250     24            1    1     1
   MAR  11   50153.50  -2009    4381       247     24            1    1     1
  
   MAR  12   50154.50  -1996    4415       234     24            1    1     1
   MAR  13   50155.50  -1982    4450       219     24            1    1     1
   MAR  14   50156.50  -1963    4485       218     24            1    1     1
   MAR  15   50157.50  -1942    4518       220     24            1    1     1
   MAR  16   50158.50  -1922    4553       225     24            1    1     1
  
   MAR  17   50159.50  -1902    4589       232     24            1    1     1
   MAR  18   50160.50  -1875    4625       229     24            1    1     1
   MAR  19   50161.50  -1839    4669       236     24            1    1     1
   MAR  20   50162.50  -1810    4713       240     24            1    1     1
   MAR  21   50163.50  -1782    4755       228     24            1    1     1
  
   MAR  22   50164.50  -1764    4791       214     22            1    1     1
   MAR  23   50165.50  -1749    4819       202     22            1    1     1
  
  
         7 -k - EOP(NOAA) 95 P 02 
                Units : 0.0001" for x,y, 0.00001s for UT1 and D.
  
     Date                                                        Uncertainties
     1996      MJD        x       y      UT1-UTC  Passes  Span   x    y   UT1-UTC
                                                          hours
  
   FEB   1   50114.50  -2209    2932               25            1    1      
   FEB   2   50115.50  -2218    2963               24            1    1      
   FEB   3   50116.50  -2221    2998               24            1    1      
   FEB   4   50117.50  -2222    3037               24            1    1      
   FEB   5   50118.50  -2224    3073               24            1    1      
  
   FEB   6   50119.50  -2231    3112               24            1    1      
   FEB   7   50120.50  -2239    3150               24            1    1      
   FEB   8   50121.50  -2251    3180               25            1    1      
   FEB   9   50122.50  -2257    3212               25            1    1      
   FEB  10   50123.50  -2255    3241               25            1    1      
  
   FEB  11   50124.50  -2242    3268               25            1    1      
   FEB  12   50125.50  -2231    3294               25            1    1      
   FEB  13   50126.50  -2217    3330               25            1    1      
   FEB  14   50127.50  -2203    3364               25            1    1      
   FEB  15   50128.50  -2193    3404               25            1    1      
  
   FEB  16   50129.50  -2182    3452               25            1    1      
   FEB  17   50130.50  -2191    3495               25            1    1      
   FEB  18   50131.50  -2196    3538               25            1    1      
   FEB  19   50132.50  -2206    3579               25            1    1      
   FEB  20   50133.50  -2213    3615               25            1    1      
  
   FEB  21   50134.50  -2215    3649               25            1    1      
   FEB  22   50135.50  -2220    3680               25            1    1      
   FEB  23   50136.50  -2217    3720               24            1    1      
   FEB  24   50137.50  -2214    3762               25            1    1      
   FEB  25   50138.50  -2207    3802               25            1    1      
  
   FEB  26   50139.50  -2205    3848               25            1    1      
   FEB  27   50140.50  -2199    3869               25            1    1      
   FEB  28   50141.50  -2191    3917               25            1    1      
   FEB  29   50142.50  -2178    3960               25            1    1      
   MAR   1   50143.50  -2169    3997               25            1    1      
  
   MAR   2   50144.50  -2152    4033               25            1    1      
   MAR   3   50145.50  -2138    4080               25            1    1      
   MAR   4   50146.50  -2118    4122               25            1    1      
   MAR   5   50147.50  -2100    4156               25            1    1      
   MAR   6   50148.50  -2073    4206               25            1    1      
  
   MAR   7   50149.50  -2058    4242               25            1    1      
   MAR   8   50150.50  -2048    4275               25            1    1      
   MAR   9   50151.50  -2030    4318               25            1    1      
   MAR  10   50152.50  -2020    4351               25            1    1      
   MAR  11   50153.50  -1999    4380               25            1    1      
  
   MAR  12   50154.50  -1989    4426               24            1    1      
   MAR  13   50155.50  -1971    4445               24            1    1      
   MAR  14   50156.50  -1952    4490               24            1    1      
   MAR  15   50157.50  -1937    4520               24            1    1      
   MAR  16   50158.50  -1915    4554               25            1    1      
  
   MAR  17   50159.50  -1897    4589               25            1    1      
   MAR  18   50160.50  -1867    4620               25            1    1      
   MAR  19   50161.50  -1831    4675               25            1    1      
   MAR  20   50162.50  -1804    4713               25            1    1      
   MAR  21   50163.50  -1777    4756               25            1    1      
  
   MAR  22   50164.50  -1759    4796               25            1    1      
   MAR  23   50165.50  -1752    4828               25            1    1      
   MAR  24   50166.50  -1727    4849               25            1    1      
   MAR  25   50167.50  -1700    4876               25            1    1      
   MAR  26   50168.50  -1678    4900               25            1    1      
  
  
         7 -l - EOP(SIO)  95 P 01 
                Units : 0.0001" for x,y, 0.00001s for UT1 and D.
  
     Date                                                        Uncertainties
     1996      MJD        x       y      UT1-UTC  Passes  Span   x    y   UT1-UTC
                                                          hours
  
   FEB   1   50114.50  -2219    2930     49740     24            1    1     5
   FEB   2   50115.50  -2225    2968     49590     24            1    1     6
   FEB   3   50116.50  -2228    3007     49426     24            1    1     7
   FEB   4   50117.50  -2228    3043               24            1    1     
   FEB   5   50118.50  -2233    3078     49202     24            1    1     2
  
   FEB   6   50119.50  -2239    3114     49005     23            1    1     3
   FEB   7   50120.50  -2247    3152     48793     24            1    1     4
   FEB   8   50121.50  -2255    3185     48577     24            1    1     5
   FEB   9   50122.50  -2258    3215     48356     25            1    1     6
   FEB  10   50123.50  -2258    3242     48135     25            1    1     6
  
   FEB  11   50124.50  -2249    3270               25            1    1      
   FEB  12   50125.50  -2235    3298     47772     25            1    1     2
   FEB  13   50126.50  -2222    3331     47578     25            1    1     3
   FEB  14   50127.50  -2210    3368     47393     25            1    1     4
   FEB  15   50128.50  -2201    3408     47205     25            1    1     5
  
   FEB  16   50129.50  -2195    3453     47001     25            1    1     6
   FEB  17   50130.50  -2192    3499     46779     25            1    1     6
   FEB  18   50131.50  -2195    3548               25            1    1     
   FEB  19   50132.50  -2206    3587     46266     25            1    1     2
   FEB  20   50133.50  -2213    3622     46009     25            1    1     3
  
   FEB  21   50134.50  -2217    3654     45751     25            1    1     5
   FEB  22   50135.50  -2220    3687     45508     25            1    1     6
   FEB  23   50136.50  -2221    3720     45289     24            1    1     7
   FEB  24   50137.50  -2219    3759     45089     25            1    1     7
   FEB  27   50140.50  -2208    3882     44519     25            1    1     4
  
   FEB  28   50141.50  -2200    3919     44342     25            1    1     5
   FEB  29   50142.50  -2190    3957     44155     25            1    1     6
   MAR   1   50143.50  -2176    3996     43959     25            1    1     6
   MAR   2   50144.50  -2161    4038     43753     25            1    1     7
   MAR   3   50145.50  -2141    4078               25            1    1      
  
   MAR   4   50146.50  -2121    4118     43307     25            1    1     2
   MAR   5   50147.50  -2103    4161     43064     25            1    1     4
   MAR   6   50148.50  -2087    4202     42806     23            1    1     5
   MAR   7   50149.50  -2070    4241     42538     24            1    1     6
   MAR   8   50150.50  -2056    4279     42272     24            1    1     7
  
   MAR   9   50151.50  -2042    4316     42012     25            1    1     8
   MAR  10   50152.50  -2029    4352               25            1    1      
   MAR  11   50153.50  -2013    4383     41517     24            1    1     2
   MAR  12   50154.50  -1998    4417     41276     23            1    1     4
   MAR  13   50155.50  -1983    4454     41056     24            1    1     5
  
   MAR  14   50156.50  -1966    4489     40838     24            1    1     6
   MAR  15   50157.50  -1946    4523     40620     24            1    1     7
   MAR  16   50158.50  -1925    4557     40395     24            1    1     8
   MAR  17   50159.50  -1903    4592               25            1    1     
   MAR  18   50160.50  -1872    4630     39927     25            1    1     2
  
   MAR  19   50161.50  -1840    4672     39683     25            1    1     4
   MAR  20   50162.50  -1812    4715     39440     25            1    1     5
   MAR  21   50163.50  -1787    4755     39210     25            1    1     6
   MAR  22   50164.50  -1767    4791     38992     25            1    1     7
   MAR  23   50165.50  -1753    4823     38781     25            1    1     8
  
  
         7 -m - EOP(IGS)  95 P 01 
                Units : 0.0001" for x,y, 0.00001s for UT1 and D.
  
     Date                                                        Uncertainties
     1996      MJD        x       y               Passes  Span   x    y   
                                                          hours
  
   FEB   1   50114.50  -2217    2927                             1    1     
   FEB   2   50115.50  -2223    2965                             1    1     
   FEB   3   50116.50  -2226    3003                             1    2     
   FEB   4   50117.50  -2228    3040                             1    1     
   FEB   5   50118.50  -2233    3077                             1    1     
  
   FEB   6   50119.50  -2238    3114                             1    1     
   FEB   7   50120.50  -2245    3150                             1    1     
   FEB   8   50121.50  -2253    3185                             1    1     
   FEB   9   50122.50  -2259    3215                             1    1     
   FEB  10   50123.50  -2256    3241                             1    1     
  
   FEB  11   50124.50  -2246    3269                             1    1     
   FEB  12   50125.50  -2233    3298                             1    1     
   FEB  13   50126.50  -2220    3330                             1    1     
   FEB  14   50127.50  -2208    3365                             1    1     
   FEB  15   50128.50  -2197    3405                             1    1     
  
   FEB  16   50129.50  -2192    3451                             1    1     
   FEB  17   50130.50  -2191    3497                             1    1     
   FEB  18   50131.50  -2194    3542                             1    2     
   FEB  19   50132.50  -2205    3583                             1    2     
   FEB  20   50133.50  -2213    3619                             1    1     
  
   FEB  21   50134.50  -2216    3652                             1    1     
   FEB  22   50135.50  -2219    3683                             1    1     
   FEB  23   50136.50  -2219    3719                             1    1     
   FEB  24   50137.50  -2217    3758                             1    1     
   FEB  25   50138.50  -2210    3801                             1    1     
  
   FEB  26   50139.50  -2207    3842                             1    1     
   FEB  27   50140.50  -2202    3880                             1    1     
   FEB  28   50141.50  -2197    3918                             1    1     
   FEB  29   50142.50  -2188    3954                             1    1     
   MAR   1   50143.50  -2174    3994                             1    1     
  
   MAR   2   50144.50  -2158    4037                             1    1     
   MAR   3   50145.50  -2139    4076                             1    1     
   MAR   4   50146.50  -2120    4118                             1    1     
   MAR   5   50147.50  -2102    4160                             1    1     
   MAR   6   50148.50  -2083    4202                             1    1     
  
   MAR   7   50149.50  -2066    4241                             1    1     
   MAR   8   50150.50  -2052    4278                             1    1     
   MAR   9   50151.50  -2040    4315                             1    1     
   MAR  10   50152.50  -2026    4350                             1    1     
   MAR  11   50153.50  -2010    4381                             2    1     
  
   MAR  12   50154.50  -1994    4418                             1    2     
   MAR  13   50155.50  -1981    4452                             1    1     
   MAR  14   50156.50  -1963    4488                             1    1     
   MAR  15   50157.50  -1943    4522                             1    1     
   MAR  16   50158.50  -1923    4556                             1    1     
  
  
         7 -n - EOP(IERS) 95 P 01 
                Units : 0.0001" for x,y, 0.00001s for UT1 and D.
  
     Date                                                        Uncertainties
     1996      MJD        x       y      UT1-UTC  Passes  Span   x    y   UT1-UTC
                                                          hours
  
   FEB   1   50114.50  -2214    2927     49868                   1    1     4
   FEB   2   50115.50  -2220    2968     49720                   1    1     4
   FEB   3   50116.50  -2224    3006     49559                   1    1     4
   FEB   4   50117.50  -2226    3043     49386                   1    1     4
   FEB   5   50118.50  -2230    3079     49205                   1    1     4
  
   FEB   6   50119.50  -2234    3116     49011                   1    1     4
   FEB   7   50120.50  -2241    3152     48806                   1    1     4
   FEB   8   50121.50  -2249    3188     48594                   1    1     4
   FEB   9   50122.50  -2259    3217     48379                   2    1     4
   FEB  10   50123.50  -2253    3242     48167                   2    1     4
  
   FEB  11   50124.50  -2245    3270     47960                   2    1     4
   FEB  12   50125.50  -2231    3298     47763                   1    1     4
   FEB  13   50126.50  -2217    3331     47569                   1    1     4
   FEB  14   50127.50  -2206    3367     47376                   1    1     4
   FEB  15   50128.50  -2194    3405     47179                   1    1     4
  
   FEB  16   50129.50  -2190    3453     46971                   1    1     4
   FEB  17   50130.50  -2189    3500     46748                   1    1     4
   FEB  18   50131.50  -2192    3544     46509                   1    1     4
   FEB  19   50132.50  -2203    3584     46259                   2    2     4
   FEB  20   50133.50  -2210    3619     45997                   1    1     4
  
   FEB  21   50134.50  -2213    3655     45742                   1    1     4
   FEB  22   50135.50  -2217    3685     45498                   2    1     4
   FEB  23   50136.50  -2215    3719     45274                   2    1     4
   FEB  24   50137.50  -2214    3758     45070                   2    1     4
   FEB  25   50138.50  -2210    3802     44880                   1    1     4
  
   FEB  26   50139.50  -2206    3842     44696                   2    1     4
   FEB  27   50140.50  -2198    3881     44518                   1    1     4
   FEB  28   50141.50  -2194    3919     44340                   1    1     4
   FEB  29   50142.50  -2187    3954     44159                   1    1     4
   MAR   1   50143.50  -2174    3997     43968                   1    2     4
  
   MAR   2   50144.50  -2156    4038     43765                   1    1     4
   MAR   3   50145.50  -2137    4078     43546                   1    1     4
   MAR   4   50146.50  -2117    4119     43310                   1    2     4
   MAR   5   50147.50  -2099    4161     43065                   1    1     4
   MAR   6   50148.50  -2080    4204     42809                   1    1     4
  
   MAR   7   50149.50  -2064    4242     42549                   1    1     4
   MAR   8   50150.50  -2053    4279     42285                   2    1     4
   MAR   9   50151.50  -2039    4315     42026                   2    1     4
   MAR  10   50152.50  -2024    4349     41770                   1    1     4
   MAR  11   50153.50  -2010    4383     41522                   2    1     4
  
   MAR  12   50154.50  -1991    4417     41284                   1    1     4
   MAR  13   50155.50  -1981    4452     41059                   1    1     4
   MAR  14   50156.50  -1960    4489     40840                   1    2     4
   MAR  15   50157.50  -1939    4522     40619                   1    1     4
   MAR  16   50158.50  -1921    4556     40392                   1    1     4
  
   MAR  17   50159.50  -1900    4593     40158                   1    2     4
   MAR  18   50160.50  -1871    4627     39922                   1    1     4
   MAR  19   50161.50  -1837    4671     39682                   1    1     4
   MAR  20   50162.50  -1806    4715     39439                   1    1     4
   MAR  21   50163.50  -1780    4758     39204                   1    1     4
  
   MAR  22   50164.50  -1762    4794     38984                   1    1     4
   MAR  23   50165.50  -1749    4822     38776                   3    1     4
  
  
         7 -o - EOP(IGS)  96 P 01 
                Units : 0.0001" for x,y, 0.00001s for UT1 and D.
  
     Date                                                        Uncertainties
     1996      MJD        x       y               Passes  Span   x    y   
                                                          hours
  
   FEB   1   50114.50  -2219    2931                             1    3      
   FEB   2   50115.50  -2223    2968                             2    1      
   FEB   3   50116.50  -2225    3005                             2    2      
   FEB   4   50117.50  -2227    3045                             2    3      
   FEB   5   50118.50  -2231    3084                             2    2      
  
   FEB   6   50119.50  -2240    3119                             2    2      
   FEB   7   50120.50  -2244    3152                             1    1      
   FEB   8   50121.50  -2254    3191                             2    2      
   FEB   9   50122.50  -2261    3219                             1    2      
   FEB  10   50123.50  -2255    3242                             1    2      
  
   FEB  11   50124.50  -2250    3276                             1    3      
   FEB  12   50125.50  -2230    3297                             2    3      
   FEB  13   50126.50  -2218    3330                             1    1      
   FEB  14   50127.50  -2207    3366                             1    1      
   FEB  15   50128.50  -2196    3408                             1    1      
  
   FEB  16   50129.50  -2191    3454                             1    2      
   FEB  17   50130.50  -2190    3500                             1    1      
   FEB  18   50131.50  -2192    3544                             2    3       
   FEB  19   50132.50  -2204    3585                             1    4      
   FEB  20   50133.50  -2214    3622                             1    2      
  
   FEB  21   50134.50  -2220    3654                             1    1      
   FEB  22   50135.50  -2220    3687                             2    2      
   FEB  23   50136.50  -2219    3720                             1    2      
   FEB  24   50137.50  -2218    3759                             1    1      
   FEB  25   50138.50  -2210    3803                             1    1      
  
   FEB  26   50139.50  -2206    3845                             2    1      
   FEB  27   50140.50  -2200    3881                             4    3      
   FEB  28   50141.50  -2197    3921                             1    1      
   FEB  29   50142.50  -2192    3960                             2    3      
   MAR   1   50143.50  -2178    3995                             3    2      
  
   MAR   2   50144.50  -2160    4038                             3    5      
   MAR   3   50145.50  -2140    4081                             1    2      
   MAR   4   50146.50  -2119    4123                             2    2      
   MAR   5   50147.50  -2101    4162                             2    1      
   MAR   6   50148.50  -2082    4206                             1    1    

   MAR   7   50149.50  -2065    4247                             2    2      
   MAR   8   50150.50  -2051    4284                             1    3      
   MAR   9   50151.50  -2039    4319                             1    3      
   MAR  10   50152.50  -2025    4351                             1    2      
   MAR  11   50153.50  -2012    4385                             1    1      
  
   MAR  12   50154.50  -1994    4420                             2    2      
   MAR  13   50155.50  -1980    4453                             1    1      
   MAR  14   50156.50  -1962    4491                             3    1   
   MAR  15   50157.50  -1943    4521                             2    2      
   MAR  16   50158.50  -1924    4557                             1    2      
  
   MAR  17   50159.50  -1901    4592                             1    1      
   MAR  18   50160.50  -1877    4624                             2    1      
   MAR  19   50161.50  -1839    4666                             2    2      
   MAR  20   50162.50  -1808    4712                             1    1      
   MAR  21   50163.50  -1783    4754                             1    2      
  
   MAR  22   50164.50  -1766    4799                             3    6      
   MAR  23   50165.50  -1749    4829                             6    4      
   MAR  24   50166.50  -1728    4852                             3    3      
   MAR  25   50167.50  -1707    4873                             1    2      
   MAR  26   50168.50  -1680    4901                             1    1   


         7-p - Satellite Laser Ranging :  LAGEOS -EOP(CSR)  95 L 01 
                Units : 0.0001" for x,y, 0.00001s for UT1.
  
               Date                                         Uncertainties
               1996      MJD        x     y     UT1-UTC      x     y   UT1-UTC
  
             FEB   1   50114.70  -2221  2934      49847       4     5       4
             FEB   4   50117.93  -2224  3056      49332       6     5       4
             FEB   8   50121.13  -2249  3174      48686       5     5       3
             FEB  10   50123.95  -2247  3253      48080       7     7       4
             FEB  14   50127.19  -2209  3356      47436       6     5       4
  
             FEB  16   50129.70  -2191  3461      46931       3     3       3
             FEB  19   50132.94  -2212  3613      46149       9    10       5
             FEB  23   50136.38  -2217  3710      45289       4     4       4
             FEB  26   50139.64  -2206  3841      44663       4     7       6
             FEB  29   50142.17  -2192  3942      44211       3     3       3
  
             MAR   2   50144.76  -2150  4050      43703       5     6       4
             MAR   5   50147.89  -2096  4174      42953       5     7       4
             MAR   9   50151.03  -2043  4301      42139       4     5       3
             MAR  12   50154.11  -1998  4412      41365       4     5       3
             MAR  15   50157.44  -1945  4517      40628       4     4       7
  
             MAR  18   50160.51  -1874  4625      39912       4     5      16
             MAR  20   50162.77  -1799  4731      39366       3     3      23
             MAR  24   50166.03  -1729  4834      38656       6     7      33
  
  
         7-q - Satellite Laser Ranging :  LAGEOS -EOP(DUT)  93 L 03 
                Units : 0.0001" for x,y, 0.00001s for UT1.
  
               Date                                         Uncertainties
               1996      MJD        x     y     UT1-UTC      x     y   UT1-UTC
  
             FEB   2   50115.00  -2207  2953      54017       1     2       1
             FEB   5   50118.00  -2217  3081      53515       2     1       1
             FEB   8   50121.00  -2240  3184      52916       1     1       1
             FEB  11   50124.00  -2232  3274      52267       2     2       2
             FEB  14   50127.00  -2201  3366      51681       2     1       2
  
             FEB  17   50130.00  -2175  3492      51061       1     1       1
             FEB  20   50133.00  -2195  3621      50325       2     2       2
             FEB  23   50136.00  -2216  3715      49569       2     2       2
             FEB  26   50139.00  -2198  3837      48949       1     2       2
             FEB  29   50142.00  -2183  3952      48407       1     1       1
  
             MAR   3   50145.00  -2133  4067      47798       2     2       2
             MAR   6   50148.00  -2078  4199      47077       1     1       1
             MAR   9   50151.00  -2039  4313      46298       1     1       1
             MAR  12   50154.00  -1990  4416      45540       1     1       1
             MAR  15   50157.00  -1952  4514      44839       1     1       1
  
             MAR  18   50160.00  -1872  4626      44171       1     1       1
             MAR  21   50163.00  -1784  4746      43446       1     1       1
  
  
         7-r - Satellite Laser Ranging :  LAGEOS -EOP(IAA)  95 L 07 
                Units : 0.0001" for x,y, 0.00001s for UT1.
  
               Date                                         Uncertainties
               1996      MJD        x     y          D        x     y       D
  
             FEB   1   50114.06  -2229  2914        142       1     1       1
             FEB   2   50115.00  -2228  2942        149       1     4       4
             FEB   3   50116.00  -2226  2979        156       2     5       4
             FEB   4   50117.00  -2227  3020        166       2     2       4
             FEB   5   50118.00  -2233  3059        178       2     2       4
  
             FEB   6   50119.00  -2242  3096        189       3     1       4
             FEB   7   50120.00  -2256  3129        206       2     1       2
             FEB   8   50121.00  -2268  3156        216       2     2       2
             FEB   9   50122.00  -2274  3181        220       2     2       2
             FEB  10   50123.00  -2269  3208        220       4     2       4
  
             FEB  11   50124.00  -2254  3237        212       3     2       4
             FEB  12   50125.00  -2239  3270        206       3     2       4
             FEB  13   50126.00  -2223  3308        197       2     2       4
             FEB  14   50127.00  -2211  3350        192       1     1       2
             FEB  15   50128.00  -2203  3393        194       2     2       3
  
             FEB  16   50129.00  -2197  3437        206       2     2       3
             FEB  17   50130.00  -2196  3479        222       2     2       1
             FEB  18   50131.00  -2202  3519        242       2     2       4
             FEB  19   50132.00  -2213  3554        254       2     4       5
             FEB  20   50133.00  -2223  3589        260       2     4       5
  
             FEB  21   50134.00  -2230  3622        255       2     3       4
             FEB  22   50135.00  -2233  3658        243       2     3       3
             FEB  23   50136.00  -2234  3698        225       2     2       4
             FEB  24   50137.00  -2231  3739        205       1     2       4
             FEB  25   50138.00  -2223  3781        188       2     2       3
  
             FEB  26   50139.00  -2217  3826        183       2     2       2
             FEB  27   50140.00  -2214  3868        179       3     2       3
             FEB  28   50141.00  -2212  3903        178       1     2       3
             FEB  29   50142.00  -2204  3936        185       1     1       2
             MAR   1   50143.00  -2189  3973        194       2     1       2
  
             MAR   2   50144.00  -2171  4015        205       1     2       2
             MAR   3   50145.00  -2154  4056        219       2     2       2
             MAR   4   50146.00  -2136  4097        232       2     2       2
             MAR   5   50147.00  -2118  4137        247       2     3       3
             MAR   6   50148.00  -2101  4177        261       2     2       1
  
             MAR   7   50149.00  -2087  4219        263       1     1       2
             MAR   8   50150.00  -2060  4263        260       1     1       2
             MAR   9   50151.00  -2045  4302        260       1     1       3
             MAR  10   50152.00  -2029  4339        255       1     1       2
             MAR  11   50153.00  -2012  4375        246       1     1       1
  
             MAR  12   50154.00  -1997  4408        235       1     2       3
             MAR  13   50155.00  -1984  4441        225       2     1       1
             MAR  14   50156.00  -1970  4474        219       2     1       2
             MAR  15   50157.00  -1954  4509        221       2     1       2
             MAR  16   50158.00  -1934  4542        225       2     1       2
  
             MAR  17   50159.00  -1910  4574        231       2     1       2
             MAR  18   50160.00  -1884  4610        236       2     1       2
             MAR  19   50161.00  -1854  4647        241       2     1       3
             MAR  20   50162.00  -1822  4689        243       1     2       2
             MAR  21   50163.00  -1795  4734        233       2     3       1
  
             MAR  22   50164.00  -1769  4774        222       2     3       1
             MAR  23   50165.00  -1746  4809        210       2     3       2
             MAR  24   50166.00  -1724  4840        200       2     2       2
             MAR  25   50167.00  -1701  4867        194       2     3       3
             MAR  26   50168.00  -1679  4889        190       4     5       5
  
  
         7-s - Satellite Laser Ranging :  LAGEOS -EOP(MCC)  94 L 01 
                Units : 0.0001" for x,y, 0.00001s for UT1.
  
               Date                                         Uncertainties
               1996      MJD        x     y          D        x     y       D
  
             FEB   2   50115.00  -2216  2963        154       1     2       1
             FEB   5   50118.00  -2231  3072        187       2     1       2
             FEB   8   50121.00  -2257  3180        210       2     1       2
             FEB  11   50124.00  -2268  3281        216       2     2       3
             FEB  14   50127.00  -2216  3364        204       2     1       1
  
             FEB  17   50130.00  -2197  3485        218       2     1       2
             FEB  20   50133.00  -2234  3641        246       4     3       5
             FEB  23   50136.00  -2227  3714        226       5     1       2
             FEB  26   50139.00  -2210  3835        185       3     3       2
             FEB  29   50142.00  -2185  3952        184       2     2       1
  
             MAR   3   50145.00  -2119  4074        216       3     1       1
             MAR   6   50148.00  -2099  4199        260       3     2       3
             MAR   9   50151.00  -2035  4317        255       2     2       1
             MAR  12   50154.00  -1987  4416        237       1     1       1
             MAR  15   50157.00  -1950  4527        220       2     1       1
  
             MAR  18   50160.00  -1876  4637        232       1     2       1
