Entropy/Alpha Feasible Region Boundary
File Size: 4096

Entropy,Alpha
0.000000,0.000000
0.007663,0.087848
0.014081,0.175524
0.020023,0.263030
0.025654,0.350365
0.031051,0.437530
0.036261,0.524526
0.041313,0.611354
0.046230,0.698013
0.051028,0.784504
0.055719,0.870827
0.060314,0.956984
0.064821,1.042974
0.069246,1.128799
0.073597,1.214458
0.077877,1.299952
0.082091,1.385281
0.086244,1.470447
0.090338,1.555449
0.094376,1.640288
0.098362,1.724964
0.102297,1.809478
0.106184,1.893831
0.110025,1.978022
0.113821,2.062053
0.117575,2.145923
0.121288,2.229633
0.124961,2.313184
0.128596,2.396576
0.132195,2.479810
0.135757,2.562886
0.139285,2.645804
0.142778,2.728565
0.146240,2.811169
0.149669,2.893617
0.153067,2.975909
0.156436,3.058046
0.159774,3.140028
0.163085,3.221856
0.166367,3.303529
0.169622,3.385049
0.172850,3.466416
0.176052,3.547630
0.179229,3.628692
0.182380,3.709602
0.185507,3.790360
0.188611,3.870968
0.191690,3.951425
0.194747,4.031731
0.197781,4.111888
0.200793,4.191896
0.203783,4.271754
0.206752,4.351464
0.209700,4.431026
0.212627,4.510441
0.215534,4.589708
0.218421,4.668828
0.221288,4.747802
0.224136,4.826630
0.226965,4.905312
0.229775,4.983849
0.232567,5.062241
0.235341,5.140488
0.238097,5.218592
0.240836,5.296552
0.243557,5.374368
0.246261,5.452042
0.248948,5.529574
0.251619,5.606963
0.254273,5.684211
0.256911,5.761317
0.259533,5.838282
0.262139,5.915107
0.264730,5.991792
0.267306,6.068337
0.269866,6.144743
0.272412,6.221010
0.274942,6.297138
0.277458,6.373128
0.279960,6.448980
0.282448,6.524694
0.284921,6.600272
0.287380,6.675712
0.289826,6.751017
0.292258,6.826185
0.294677,6.901218
0.297083,6.976115
0.299475,7.050878
0.301855,7.125506
0.304221,7.200000
0.306575,7.274360
0.308916,7.348587
0.311245,7.422680
0.313562,7.496641
0.315866,7.570470
0.318159,7.644166
0.320439,7.717731
0.322708,7.791165
0.324965,7.864467
0.327210,7.937639
0.329444,8.010681
0.331666,8.083593
0.333878,8.156375
0.336078,8.229028
0.338267,8.301552
0.340445,8.373948
0.342613,8.446215
0.344769,8.518355
0.346915,8.590367
0.349051,8.662252
0.351176,8.734010
0.353291,8.805641
0.355395,8.877147
0.357490,8.948526
0.359574,9.019780
0.361649,9.090909
0.363713,9.161913
0.365768,9.232793
0.367813,9.303548
0.369848,9.374179
0.371874,9.444687
0.373890,9.515072
0.375897,9.585334
0.377895,9.655473
0.379883,9.725490
0.381862,9.795385
0.383832,9.865159
0.385794,9.934811
0.387746,10.004342
0.389689,10.073753
0.391623,10.143043
0.393549,10.212213
0.395466,10.281264
0.397375,10.350195
0.399275,10.419006
0.401166,10.487700
0.403049,10.556274
0.404924,10.624731
0.406791,10.693069
0.408649,10.761290
0.410499,10.829394
0.412341,10.897381
0.414175,10.965251
0.416001,11.033005
0.417819,11.100642
0.419629,11.168164
0.421432,11.235571
0.423227,11.302862
0.425014,11.370038
0.426793,11.437100
0.428565,11.504048
0.430329,11.570881
0.432086,11.637601
0.433836,11.704207
0.435578,11.770701
0.437312,11.837081
0.439040,11.903349
0.440760,11.969504
0.442473,12.035548
0.444179,12.101480
0.445878,12.167300
0.447570,12.233010
0.449255,12.298608
0.450933,12.364096
0.452604,12.429474
0.454268,12.494741
0.455926,12.559899
0.457576,12.624948
0.459220,12.689887
0.460858,12.754717
0.462489,12.819439
0.464113,12.884052
0.465730,12.948557
0.467342,13.012954
0.468946,13.077244
0.470544,13.141427
0.472136,13.205502
0.473722,13.269471
0.475301,13.333333
0.476874,13.397089
0.478441,13.460740
0.480002,13.524284
0.481556,13.587723
0.483105,13.651057
0.484647,13.714286
0.486184,13.777410
0.487714,13.840430
0.489238,13.903346
0.490757,13.966158
0.492270,14.028866
0.493776,14.091471
0.495277,14.153973
0.496772,14.216372
0.498262,14.278668
0.499746,14.340862
0.501224,14.402954
0.502696,14.464945
0.504163,14.526833
0.505624,14.588621
0.507080,14.650307
0.508530,14.711892
0.509975,14.773377
0.511414,14.834761
0.512848,14.896046
0.514277,14.957230
0.515700,15.018315
0.517118,15.079301
0.518530,15.140187
0.519937,15.200974
0.521339,15.261663
0.522736,15.322254
0.524128,15.382746
0.525514,15.443140
0.526896,15.503437
0.528272,15.563636
0.529643,15.623738
0.531009,15.683743
0.532371,15.743652
0.533727,15.803464
0.535078,15.863179
0.536424,15.922799
0.537766,15.982322
0.539102,16.041750
0.540434,16.101083
0.541761,16.160321
0.543083,16.219463
0.544400,16.278511
0.545713,16.337465
0.547021,16.396324
0.548324,16.455090
0.549622,16.513761
0.550916,16.572340
0.552205,16.630824
0.553490,16.689216
0.554770,16.747515
0.556045,16.805721
0.557316,16.863835
0.558583,16.921856
0.559845,16.979786
0.561102,17.037624
0.562356,17.095370
0.563604,17.153025
0.564848,17.210589
0.566088,17.268062
0.567324,17.325444
0.568555,17.382736
0.569782,17.439937
0.571005,17.497048
0.572223,17.554070
0.573437,17.611002
0.574647,17.667845
0.575853,17.724598
0.577055,17.781262
0.578252,17.837838
0.579445,17.894325
0.580635,17.950724
0.581820,18.007034
0.583001,18.063257
0.584178,18.119391
0.585351,18.175439
0.586520,18.231399
0.587685,18.287271
0.588846,18.343057
0.590003,18.398756
0.591156,18.454369
0.592305,18.509895
0.593450,18.565335
0.594591,18.620690
0.595729,18.675958
0.596863,18.731141
0.597992,18.786239
0.599119,18.841251
0.600241,18.896179
0.601359,18.951022
0.602474,19.005780
0.603585,19.060454
0.604692,19.115044
0.605796,19.169550
0.606896,19.223972
0.607992,19.278311
0.609085,19.332566
0.610174,19.386738
0.611259,19.440827
0.612341,19.494834
0.613419,19.548757
0.614493,19.602598
0.615564,19.656357
0.616632,19.710034
0.617696,19.763629
0.618756,19.817143
0.619813,19.870575
0.620867,19.923925
0.621917,19.977195
0.622964,20.030384
0.624007,20.083491
0.625047,20.136519
0.626083,20.189466
0.627116,20.242332
0.628146,20.295119
0.629172,20.347826
0.630195,20.400453
0.631215,20.453001
0.632231,20.505470
0.633244,20.557859
0.634254,20.610169
0.635261,20.662401
0.636264,20.714554
0.637264,20.766629
0.638261,20.818626
0.639255,20.870544
0.640245,20.922385
0.641233,20.974148
0.642217,21.025833
0.643198,21.077441
0.644176,21.128972
0.645151,21.180426
0.646122,21.231803
0.647091,21.283103
0.648056,21.334327
0.649019,21.385475
0.649978,21.436546
0.650934,21.487542
0.651888,21.538462
0.652838,21.589306
0.653785,21.640074
0.654730,21.690768
0.655671,21.741386
0.656609,21.791929
0.657545,21.842397
0.658477,21.892791
0.659407,21.943110
0.660334,21.993355
0.661257,22.043526
0.662178,22.093623
0.663096,22.143646
0.664011,22.193596
0.664924,22.243472
0.665833,22.293275
0.666740,22.343004
0.667643,22.392661
0.668544,22.442244
0.669443,22.491755
0.670338,22.541194
0.671231,22.590560
0.672120,22.639854
0.673008,22.689076
0.673892,22.738226
0.674774,22.787304
0.675653,22.836311
0.676529,22.885246
0.677402,22.934110
0.678273,22.982903
0.679141,23.031625
0.680007,23.080276
0.680870,23.128857
0.681730,23.177367
0.682588,23.225806
0.683443,23.274176
0.684295,23.322476
0.685145,23.370705
0.685992,23.418865
0.686837,23.466956
0.687679,23.514977
0.688519,23.562928
0.689356,23.610811
0.690190,23.658624
0.691022,23.706369
0.691851,23.754045
0.692678,23.801653
0.693503,23.849192
0.694325,23.896663
0.695144,23.944066
0.695961,23.991401
0.696776,24.038668
0.697588,24.085868
0.698397,24.133000
0.699205,24.180064
0.700010,24.227062
0.700812,24.273992
0.701612,24.320856
0.702410,24.367652
0.703205,24.414382
0.703998,24.461046
0.704788,24.507643
0.705576,24.554174
0.706362,24.600639
0.707146,24.647038
0.707927,24.693371
0.708706,24.739639
0.709482,24.785841
0.710257,24.831977
0.711028,24.878049
0.711798,24.924055
0.712566,24.969996
0.713331,25.015873
0.714094,25.061685
0.714854,25.107432
0.715613,25.153115
0.716369,25.198734
0.717123,25.244288
0.717874,25.289779
0.718624,25.335205
0.719371,25.380568
0.720116,25.425868
0.720859,25.471103
0.721600,25.516276
0.722339,25.561385
0.723075,25.606431
0.723810,25.651415
0.724542,25.696335
0.725272,25.741193
0.726000,25.785988
0.726726,25.830721
0.727449,25.875392
0.728171,25.920000
0.728890,25.964546
0.729608,26.009031
0.730323,26.053454
0.731037,26.097815
0.731748,26.142114
0.732457,26.186353
0.733164,26.230530
0.733869,26.274645
0.734572,26.318700
0.735273,26.362694
0.735972,26.406628
0.736669,26.450500
0.737364,26.494312
0.738057,26.538064
0.738749,26.581756
0.739438,26.625387
0.740125,26.668958
0.740810,26.712470
0.741493,26.755922
0.742174,26.799314
0.742853,26.842647
0.743531,26.885920
0.744206,26.929134
0.744880,26.972289
0.745551,27.015385
0.746221,27.058422
0.746889,27.101400
0.747554,27.144319
0.748218,27.187180
0.748881,27.229983
0.749541,27.272727
0.750199,27.315413
0.750856,27.358041
0.751510,27.400612
0.752163,27.443124
0.752814,27.485579
0.753463,27.527976
0.754110,27.570315
0.754756,27.612597
0.755399,27.654822
0.756041,27.696990
0.756681,27.739101
0.757319,27.781155
0.757956,27.823152
0.758590,27.865093
0.759223,27.906977
0.759854,27.948804
0.760484,27.990576
0.761111,28.032291
0.761737,28.073950
0.762361,28.115553
0.762983,28.157100
0.763604,28.198591
0.764223,28.240027
0.764840,28.281407
0.765455,28.322732
0.766069,28.364001
0.766681,28.405216
0.767291,28.446375
0.767900,28.487479
0.768507,28.528529
0.769112,28.569523
0.769716,28.610463
0.770318,28.651349
0.770918,28.692180
0.771516,28.732956
0.772113,28.773679
0.772709,28.814347
0.773302,28.854962
0.773894,28.895522
0.774485,28.936029
0.775073,28.976482
0.775660,29.016882
0.776246,29.057228
0.776830,29.097521
0.777412,29.137760
0.777993,29.177947
0.778572,29.218080
0.779149,29.258160
0.779725,29.298188
0.780300,29.338163
0.780872,29.378085
0.781443,29.417955
0.782013,29.457772
0.782581,29.497537
0.783148,29.537250
0.783713,29.576910
0.784276,29.616519
0.784838,29.656076
0.785398,29.695581
0.785957,29.735034
0.786515,29.774436
0.787070,29.813786
0.787625,29.853085
0.788178,29.892333
0.788729,29.931529
0.789279,29.970674
0.789827,30.009769
0.790374,30.048812
0.790919,30.087805
0.791463,30.126747
0.792006,30.165638
0.792546,30.204479
0.793086,30.243270
0.793624,30.282010
0.794161,30.320700
0.794696,30.359340
0.795229,30.397929
0.795762,30.436469
0.796292,30.474960
0.796822,30.513400
0.797350,30.551791
0.797876,30.590132
0.798401,30.628424
0.798925,30.666667
0.799448,30.704860
0.799968,30.743004
0.800488,30.781099
0.801006,30.819146
0.801523,30.857143
0.802038,30.895091
0.802552,30.932991
0.803065,30.970843
0.803576,31.008646
0.804086,31.046400
0.804595,31.084106
0.805102,31.121764
0.805608,31.159374
0.806112,31.196936
0.806615,31.234450
0.807117,31.271916
0.807617,31.309334
0.808117,31.346705
0.808614,31.384028
0.809111,31.421304
0.809606,31.458532
0.810100,31.495713
0.810592,31.532847
0.811084,31.569933
0.811574,31.606973
0.812062,31.643966
0.812550,31.680912
0.813036,31.717811
0.813520,31.754663
0.814004,31.791469
0.814486,31.828229
0.814967,31.864942
0.815447,31.901608
0.815925,31.938229
0.816402,31.974803
0.816878,32.011331
0.817353,32.047814
0.817826,32.084250
0.818299,32.120641
0.818769,32.156986
0.819239,32.193285
0.819708,32.229539
0.820175,32.265747
0.820641,32.301910
0.821106,32.338028
0.821569,32.374101
0.822031,32.410128
0.822493,32.446111
0.822953,32.482048
0.823411,32.517941
0.823869,32.553789
0.824325,32.589592
0.824780,32.625350
0.825234,32.661064
0.825687,32.696734
0.826139,32.732359
0.826589,32.767940
0.827038,32.803477
0.827486,32.838970
0.827933,32.874419
0.828379,32.909823
0.828824,32.945184
0.829267,32.980501
0.829709,33.015775
0.830151,33.051005
0.830591,33.086191
0.831029,33.121334
0.831467,33.156433
0.831904,33.191489
0.832339,33.226502
0.832773,33.261472
0.833207,33.296399
0.833639,33.331283
0.834070,33.366124
0.834500,33.400922
0.834928,33.435677
0.835356,33.470390
0.835783,33.505060
0.836208,33.539687
0.836632,33.574273
0.837056,33.608815
0.837478,33.643316
0.837899,33.677774
0.838319,33.712191
0.838738,33.746565
0.839155,33.780897
0.839572,33.815188
0.839988,33.849436
0.840403,33.883643
0.840816,33.917808
0.841229,33.951932
0.841640,33.986014
0.842050,34.020055
0.842460,34.054054
0.842868,34.088012
0.843275,34.121929
0.843681,34.155805
0.844087,34.189640
0.844491,34.223433
0.844894,34.257186
0.845296,34.290898
0.845697,34.324569
0.846097,34.358200
0.846496,34.391790
0.846894,34.425339
0.847291,34.458848
0.847687,34.492317
0.848082,34.525745
0.848476,34.559133
0.848869,34.592481
0.849260,34.625789
0.849651,34.659057
0.850041,34.692285
0.850430,34.725473
0.850818,34.758621
0.851205,34.791729
0.851591,34.824798
0.851976,34.857827
0.852360,34.890817
0.852743,34.923767
0.853125,34.956678
0.853506,34.989549
0.853887,35.022381
0.854266,35.055174
0.854644,35.087928
0.855021,35.120643
0.855398,35.153319
0.855773,35.185957
0.856147,35.218555
0.856521,35.251114
0.856893,35.283635
0.857265,35.316118
0.857636,35.348561
0.858005,35.380966
0.858374,35.413333
0.858742,35.445662
0.859109,35.477952
0.859475,35.510204
0.859840,35.542418
0.860204,35.574594
0.860568,35.606732
0.860930,35.638832
0.861291,35.670894
0.861652,35.702918
0.862012,35.734904
0.862370,35.766853
0.862728,35.798764
0.863085,35.830638
0.863441,35.862474
0.863796,35.894273
0.864150,35.926035
0.864504,35.957759
0.864856,35.989446
0.865208,36.021096
0.865559,36.052709
0.865908,36.084284
0.866257,36.115823
0.866605,36.147325
0.866953,36.178791
0.867299,36.210219
0.867644,36.241611
0.867989,36.272966
0.868333,36.304284
0.868676,36.335567
0.869018,36.366812
0.869359,36.398022
0.869699,36.429195
0.870039,36.460331
0.870377,36.491432
0.870715,36.522496
0.871052,36.553525
0.871388,36.584517
0.871724,36.615474
0.872058,36.646394
0.872392,36.677279
0.872724,36.708128
0.873056,36.738942
0.873388,36.769720
0.873718,36.800462
0.874047,36.831169
0.874376,36.861840
0.874704,36.892476
0.875031,36.923077
0.875357,36.953642
0.875683,36.984173
0.876007,37.014668
0.876331,37.045128
0.876654,37.075553
0.876976,37.105943
0.877298,37.136298
0.877618,37.166619
0.877938,37.196905
0.878257,37.227156
0.878576,37.257372
0.878893,37.287554
0.879210,37.317701
0.879526,37.347814
0.879841,37.377892
0.880155,37.407936
0.880469,37.437946
0.880781,37.467921
0.881093,37.497863
0.881405,37.527770
0.881715,37.557643
0.882025,37.587482
0.882334,37.617287
0.882642,37.647059
0.882950,37.676796
0.883256,37.706500
0.883562,37.736170
0.883867,37.765807
0.884172,37.795409
0.884475,37.824979
0.884778,37.854515
0.885081,37.884017
0.885382,37.913486
0.885683,37.942922
0.885983,37.972324
0.886282,38.001693
0.886580,38.031030
0.886878,38.060333
0.887175,38.089603
0.887472,38.118840
0.887767,38.148044
0.888062,38.177215
0.888356,38.206354
0.888650,38.235459
0.888942,38.264532
0.889234,38.293573
0.889525,38.322581
0.889816,38.351556
0.890106,38.380499
0.890395,38.409409
0.890683,38.438287
0.890971,38.467133
0.891258,38.495946
0.891544,38.524728
0.891830,38.553477
0.892115,38.582194
0.892399,38.610879
0.892683,38.639532
0.892966,38.668153
0.893248,38.696742
0.893529,38.725299
0.893810,38.753825
0.894090,38.782319
0.894369,38.810781
0.894648,38.839211
0.894926,38.867610
0.895204,38.895978
0.895480,38.924314
0.895756,38.952618
0.896032,38.980892
0.896306,39.009134
0.896580,39.037344
0.896854,39.065524
0.897126,39.093672
0.897398,39.121790
0.897670,39.149876
0.897940,39.177931
0.898210,39.205955
0.898480,39.233949
0.898748,39.261911
0.899017,39.289843
0.899284,39.317744
0.899551,39.345615
0.899817,39.373454
0.900082,39.401263
0.900347,39.429042
0.900611,39.456790
0.900875,39.484508
0.901138,39.512195
0.901400,39.539852
0.901662,39.567479
0.901923,39.595075
0.902183,39.622642
0.902443,39.650178
0.902702,39.677684
0.902960,39.705160
0.903218,39.732606
0.903476,39.760022
0.903732,39.787408
0.903988,39.814764
0.904244,39.842091
0.904498,39.869388
0.904752,39.896655
0.905006,39.923892
0.905259,39.951100
0.905511,39.978279
0.905763,40.005427
0.906014,40.032547
0.906264,40.059637
0.906514,40.086697
0.906764,40.113729
0.907012,40.140731
0.907260,40.167704
0.907508,40.194647
0.907755,40.221562
0.908001,40.248447
0.908247,40.275304
0.908492,40.302131
0.908736,40.328930
0.908980,40.355699
0.909223,40.382440
0.909466,40.409152
0.909708,40.435835
0.909950,40.462490
0.910191,40.489116
0.910431,40.515713
0.910671,40.542282
0.910910,40.568822
0.911149,40.595334
0.911387,40.621817
0.911625,40.648272
0.911862,40.674699
0.912098,40.701097
0.912334,40.727467
0.912569,40.753809
0.912804,40.780123
0.913038,40.806409
0.913271,40.832666
0.913504,40.858896
0.913737,40.885097
0.913969,40.911271
0.914200,40.937417
0.914431,40.963535
0.914661,40.989625
0.914891,41.015687
0.915120,41.041722
0.915348,41.067729
0.915576,41.093709
0.915804,41.119660
0.916031,41.145585
0.916257,41.171482
0.916483,41.197351
0.916708,41.223193
0.916933,41.249008
0.917157,41.274795
0.917381,41.300555
0.917604,41.326288
0.917827,41.351994
0.918049,41.377672
0.918270,41.403324
0.918491,41.428948
0.918712,41.454545
0.918932,41.480116
0.919151,41.505659
0.919370,41.531176
0.919588,41.556666
0.919806,41.582129
0.920024,41.607565
0.920240,41.632975
0.920457,41.658357
0.920672,41.683714
0.920888,41.709043
0.921102,41.734346
0.921317,41.759623
0.921530,41.784873
0.921743,41.810097
0.921956,41.835294
0.922168,41.860465
0.922380,41.885610
0.922591,41.910728
0.922802,41.935821
0.923012,41.960887
0.923222,41.985927
0.923431,42.010940
0.923639,42.035928
0.923848,42.060890
0.924055,42.085826
0.924262,42.110736
0.924469,42.135620
0.924675,42.160478
0.924881,42.185310
0.925086,42.210117
0.925291,42.234898
0.925495,42.259653
0.925699,42.284382
0.925902,42.309086
0.926105,42.333765
0.926307,42.358417
0.926509,42.383045
0.926710,42.407647
0.926911,42.432223
0.927111,42.456774
0.927311,42.481300
0.927511,42.505800
0.927709,42.530276
0.927908,42.554726
0.928106,42.579151
0.928303,42.603550
0.928500,42.627925
0.928697,42.652274
0.928893,42.676599
0.929089,42.700899
0.929284,42.725173
0.929478,42.749423
0.929673,42.773648
0.929866,42.797848
0.930060,42.822023
0.930253,42.846174
0.930445,42.870299
0.930637,42.894400
0.930828,42.918477
0.931019,42.942529
0.931210,42.966556
0.931400,42.990559
0.931590,43.014537
0.931779,43.038491
0.931968,43.062420
0.932156,43.086325
0.932344,43.110206
0.932531,43.134063
0.932718,43.157895
0.932904,43.181703
0.933091,43.205486
0.933276,43.229246
0.933461,43.252981
0.933646,43.276693
0.933830,43.300380
0.934014,43.324044
0.934198,43.347683
0.934381,43.371298
0.934563,43.394890
0.934745,43.418458
0.934927,43.442002
0.935108,43.465522
0.935289,43.489018
0.935469,43.512491
0.935649,43.535939
0.935829,43.559365
0.936008,43.582766
0.936187,43.606145
0.936365,43.629499
0.936543,43.652830
0.936720,43.676138
0.936897,43.699422
0.937073,43.722683
0.937250,43.745920
0.937425,43.769134
0.937601,43.792325
0.937775,43.815493
0.937950,43.838637
0.938124,43.861758
0.938298,43.884856
0.938471,43.907931
0.938644,43.930983
0.938816,43.954011
0.938988,43.977017
0.939160,44.000000
0.939331,44.022960
0.939501,44.045897
0.939672,44.068811
0.939842,44.091702
0.940011,44.114570
0.940180,44.137416
0.940349,44.160239
0.940517,44.183039
0.940685,44.205817
0.940853,44.228571
0.941020,44.251304
0.941187,44.274013
0.941353,44.296701
0.941519,44.319365
0.941685,44.342007
0.941850,44.364627
0.942014,44.387225
0.942179,44.409800
0.942343,44.432352
0.942506,44.454883
0.942670,44.477391
0.942832,44.499877
0.942995,44.522340
0.943157,44.544782
0.943318,44.567201
0.943480,44.589598
0.943641,44.611973
0.943801,44.634327
0.943961,44.656658
0.944121,44.678967
0.944280,44.701254
0.944439,44.723519
0.944598,44.745763
0.944756,44.767984
0.944914,44.790184
0.945071,44.812362
0.945228,44.834518
0.945385,44.856653
0.945541,44.878766
0.945697,44.900857
0.945853,44.922926
0.946008,44.944974
0.946163,44.967001
0.946318,44.989006
0.946472,45.010989
0.946625,45.032951
0.946779,45.054891
0.946932,45.076811
0.947084,45.098708
0.947237,45.120585
0.947389,45.142440
0.947540,45.164274
0.947691,45.186086
0.947842,45.207877
0.947993,45.229648
0.948143,45.251397
0.948293,45.273125
0.948442,45.294831
0.948591,45.316517
0.948740,45.338182
0.948888,45.359826
0.949036,45.381448
0.949184,45.403050
0.949331,45.424631
0.949478,45.446191
0.949624,45.467730
0.949771,45.489249
0.949917,45.510746
0.950062,45.532223
0.950207,45.553679
0.950352,45.575115
0.950497,45.596529
0.950641,45.617923
0.950784,45.639297
0.950928,45.660650
0.951071,45.681982
0.951214,45.703294
0.951356,45.724585
0.951498,45.745856
0.951640,45.767107
0.951781,45.788337
0.951923,45.809547
0.952063,45.830736
0.952204,45.851905
0.952344,45.873054
0.952483,45.894182
0.952623,45.915291
0.952762,45.936379
0.952901,45.957447
0.953039,45.978495
0.953177,45.999522
0.953315,46.020530
0.953452,46.041518
0.953589,46.062485
0.953726,46.083433
0.953862,46.104360
0.953999,46.125268
0.954134,46.146156
0.954270,46.167024
0.954405,46.187872
0.954540,46.208700
0.954674,46.229508
0.954808,46.250297
0.954942,46.271066
0.955076,46.291815
0.955209,46.312544
0.955342,46.333254
0.955474,46.353945
0.955606,46.374615
0.955738,46.395266
0.955870,46.415898
0.956001,46.436510
0.956132,46.457102
0.956263,46.477675
0.956393,46.498229
0.956523,46.518763
0.956653,46.539278
0.956782,46.559774
0.956911,46.580250
0.957040,46.600707
0.957169,46.621144
0.957297,46.641563
0.957425,46.661962
0.957552,46.682342
0.957679,46.702703
0.957806,46.723044
0.957933,46.743367
0.958059,46.763670
0.958185,46.783955
0.958311,46.804220
0.958436,46.824467
0.958562,46.844694
0.958686,46.864903
0.958811,46.885092
0.958935,46.905263
0.959059,46.925415
0.959183,46.945548
0.959306,46.965662
0.959429,46.985758
0.959552,47.005834
0.959674,47.025892
0.959796,47.045931
0.959918,47.065952
0.960040,47.085954
0.960161,47.105937
0.960282,47.125902
0.960402,47.145848
0.960523,47.165775
0.960643,47.185684
0.960763,47.205575
0.960882,47.225447
0.961001,47.245301
0.961120,47.265136
0.961239,47.284952
0.961357,47.304751
0.961475,47.324531
0.961593,47.344293
0.961711,47.364036
0.961828,47.383761
0.961945,47.403468
0.962061,47.423157
0.962178,47.442827
0.962294,47.462480
0.962410,47.482114
0.962525,47.501730
0.962640,47.521328
0.962755,47.540908
0.962870,47.560470
0.962985,47.580014
0.963099,47.599540
0.963212,47.619048
0.963326,47.638538
0.963439,47.658010
0.963552,47.677464
0.963665,47.696900
0.963778,47.716319
0.963890,47.735719
0.964002,47.755102
0.964113,47.774467
0.964225,47.793814
0.964336,47.813144
0.964447,47.832456
0.964557,47.851750
0.964668,47.871027
0.964778,47.890286
0.964887,47.909527
0.964997,47.928751
0.965106,47.947957
0.965215,47.967146
0.965324,47.986317
0.965432,48.005471
0.965541,48.024607
0.965648,48.043726
0.965756,48.062827
0.965863,48.081911
0.965971,48.100978
0.966077,48.120027
0.966184,48.139059
0.966290,48.158074
0.966396,48.177072
0.966502,48.196052
0.966608,48.215015
0.966713,48.233961
0.966818,48.252889
0.966923,48.271801
0.967028,48.290695
0.967132,48.309572
0.967236,48.328432
0.967340,48.347276
0.967443,48.366102
0.967546,48.384911
0.967649,48.403703
0.967752,48.422478
0.967855,48.441236
0.967957,48.459977
0.968059,48.478702
0.968161,48.497409
0.968262,48.516100
0.968363,48.534774
0.968465,48.553431
0.968565,48.572071
0.968666,48.590695
0.968766,48.609301
0.968866,48.627891
0.968966,48.646465
0.969065,48.665021
0.969165,48.683561
0.969264,48.702085
0.969362,48.720592
0.969461,48.739082
0.969559,48.757555
0.969657,48.776013
0.969755,48.794453
0.969853,48.812877
0.969950,48.831285
0.970047,48.849676
0.970144,48.868051
0.970241,48.886409
0.970337,48.904751
0.970433,48.923077
0.970529,48.941386
0.970625,48.959679
0.970720,48.977956
0.970815,48.996216
0.970910,49.014461
0.971005,49.032688
0.971100,49.050900
0.971194,49.069096
0.971288,49.087275
0.971382,49.105438
0.971475,49.123586
0.971569,49.141717
0.971662,49.159832
0.971755,49.177930
0.971847,49.196013
0.971940,49.214080
0.972032,49.232131
0.972124,49.250166
0.972215,49.268185
0.972307,49.286188
0.972398,49.304175
0.972489,49.322146
0.972580,49.340102
0.972671,49.358041
0.972761,49.375965
0.972851,49.393873
0.972941,49.411765
0.973031,49.429641
0.973120,49.447502
0.973209,49.465347
0.973298,49.483176
0.973387,49.500989
0.973476,49.518787
0.973564,49.536569
0.973652,49.554336
0.973740,49.572087
0.973828,49.589822
0.973915,49.607542
0.974003,49.625247
0.974090,49.642935
0.974176,49.660609
0.974263,49.678267
0.974349,49.695909
0.974436,49.713536
0.974521,49.731148
0.974607,49.748744
0.974693,49.766325
0.974778,49.783890
0.974863,49.801440
0.974948,49.818975
0.975033,49.836494
0.975117,49.853999
0.975201,49.871488
0.975285,49.888961
0.975369,49.906420
0.975453,49.923863
0.975536,49.941292
0.975619,49.958705
0.975702,49.976103
0.975785,49.993485
0.975867,50.010853
0.975950,50.028206
0.976032,50.045543
0.976114,50.062866
0.976196,50.080173
0.976277,50.097466
0.976358,50.114743
0.976439,50.132006
0.976520,50.149254
0.976601,50.166486
0.976681,50.183704
0.976762,50.200907
0.976842,50.218095
0.976922,50.235269
0.977001,50.252427
0.977081,50.269571
0.977160,50.286700
0.977239,50.303814
0.977318,50.320913
0.977397,50.337998
0.977475,50.355068
0.977553,50.372123
0.977631,50.389164
0.977709,50.406190
0.977787,50.423201
0.977864,50.440198
0.977942,50.457180
0.978019,50.474147
0.978095,50.491100
0.978172,50.508039
0.978249,50.524963
0.978325,50.541872
0.978401,50.558767
0.978477,50.575647
0.978552,50.592513
0.978628,50.609365
0.978703,50.626202
0.978778,50.643025
0.978853,50.659833
0.978928,50.676628
0.979002,50.693407
0.979077,50.710173
0.979151,50.726924
0.979225,50.743661
0.979299,50.760383
0.979372,50.777092
0.979446,50.793786
0.979519,50.810466
0.979592,50.827132
0.979665,50.843783
0.979737,50.860421
0.979810,50.877044
0.979882,50.893653
0.979954,50.910248
0.980026,50.926829
0.980097,50.943396
0.980169,50.959949
0.980240,50.976488
0.980311,50.993013
0.980382,51.009524
0.980453,51.026021
0.980524,51.042504
0.980594,51.058973
0.980664,51.075428
0.980734,51.091869
0.980804,51.108296
0.980874,51.124710
0.980943,51.141109
0.981013,51.157495
0.981082,51.173867
0.981151,51.190225
0.981219,51.206570
0.981288,51.222900
0.981356,51.239217
0.981425,51.255521
0.981493,51.271810
0.981560,51.288086
0.981628,51.304348
0.981696,51.320596
0.981763,51.336831
0.981830,51.353052
0.981897,51.369260
0.981964,51.385454
0.982030,51.401634
0.982097,51.417801
0.982163,51.433954
0.982229,51.450094
0.982295,51.466220
0.982361,51.482333
0.982426,51.498433
0.982492,51.514518
0.982557,51.530591
0.982622,51.546650
0.982687,51.562696
0.982752,51.578728
0.982816,51.594747
0.982880,51.610752
0.982945,51.626744
0.983009,51.642723
0.983073,51.658689
0.983136,51.674641
0.983200,51.690580
0.983263,51.706506
0.983326,51.722418
0.983389,51.738318
0.983452,51.754204
0.983515,51.770077
0.983577,51.785937
0.983640,51.801783
0.983702,51.817617
0.983764,51.833437
0.983825,51.849244
0.983887,51.865038
0.983949,51.880819
0.984010,51.896587
0.984071,51.912342
0.984132,51.928084
0.984193,51.943813
0.984254,51.959529
0.984314,51.975232
0.984374,51.990922
0.984435,52.006599
0.984495,52.022263
0.984555,52.037915
0.984614,52.053553
0.984674,52.069179
0.984733,52.084791
0.984792,52.100391
0.984851,52.115978
0.984910,52.131552
0.984969,52.147113
0.985028,52.162662
0.985086,52.178197
0.985144,52.193721
0.985202,52.209231
0.985260,52.224728
0.985318,52.240213
0.985376,52.255685
0.985433,52.271145
0.985490,52.286592
0.985547,52.302026
0.985604,52.317447
0.985661,52.332856
0.985718,52.348253
0.985775,52.363636
0.985831,52.379008
0.985887,52.394366
0.985943,52.409712
0.985999,52.425046
0.986055,52.440367
0.986110,52.455676
0.986166,52.470972
0.986221,52.486255
0.986276,52.501527
0.986331,52.516785
0.986386,52.532032
0.986441,52.547266
0.986495,52.562487
0.986550,52.577697
0.986604,52.592893
0.986658,52.608078
0.986712,52.623250
0.986766,52.638410
0.986819,52.653558
0.986873,52.668693
0.986926,52.683816
0.986979,52.698927
0.987032,52.714026
0.987085,52.729112
0.987138,52.744186
0.987190,52.759248
0.987243,52.774298
0.987295,52.789335
0.987347,52.804361
0.987399,52.819374
0.987451,52.834376
0.987503,52.849365
0.987554,52.864342
0.987606,52.879307
0.987657,52.894260
0.987708,52.909201
0.987759,52.924130
0.987810,52.939046
0.987861,52.953951
0.987911,52.968844
0.987962,52.983725
0.988012,52.998594
0.988062,53.013451
0.988112,53.028296
0.988162,53.043129
0.988211,53.057951
0.988261,53.072760
0.988310,53.087558
0.988360,53.102343
0.988409,53.117117
0.988458,53.131879
0.988506,53.146629
0.988555,53.161368
0.988604,53.176094
0.988652,53.190809
0.988700,53.205512
0.988749,53.220204
0.988797,53.234883
0.988844,53.249551
0.988892,53.264207
0.988940,53.278852
0.988987,53.293485
0.989035,53.308106
0.989082,53.322716
0.989129,53.337313
0.989176,53.351900
0.989222,53.366474
0.989269,53.381038
0.989316,53.395589
0.989362,53.410129
0.989408,53.424658
0.989454,53.439174
0.989500,53.453680
0.989546,53.468174
0.989592,53.482656
0.989637,53.497127
0.989683,53.511586
0.989728,53.526034
0.989773,53.540471
0.989818,53.554896
0.989863,53.569310
0.989908,53.583712
0.989952,53.598103
0.989997,53.612483
0.990041,53.626851
0.990085,53.641208
0.990130,53.655553
0.990174,53.669888
0.990217,53.684211
0.990261,53.698522
0.990305,53.712823
0.990348,53.727112
0.990391,53.741389
0.990435,53.755656
0.990478,53.769912
0.990521,53.784156
0.990563,53.798389
0.990606,53.812610
0.990649,53.826821
0.990691,53.841021
0.990733,53.855209
0.990775,53.869386
0.990817,53.883552
0.990859,53.897707
0.990901,53.911851
0.990943,53.925984
0.990984,53.940106
0.991026,53.954216
0.991067,53.968316
0.991108,53.982405
0.991149,53.996482
0.991190,54.010549
0.991231,54.024605
0.991272,54.038649
0.991312,54.052683
0.991353,54.066706
0.991393,54.080717
0.991433,54.094718
0.991473,54.108708
0.991513,54.122687
0.991553,54.136656
0.991592,54.150613
0.991632,54.164559
0.991671,54.178495
0.991711,54.192420
0.991750,54.206334
0.991789,54.220237
0.991828,54.234129
0.991867,54.248011
0.991905,54.261882
0.991944,54.275742
0.991982,54.289591
0.992021,54.303430
0.992059,54.317257
0.992097,54.331075
0.992135,54.344881
0.992173,54.358677
0.992211,54.372462
0.992248,54.386236
0.992286,54.400000
0.992323,54.413753
0.992360,54.427496
0.992398,54.441228
0.992435,54.454949
0.992472,54.468660
0.992508,54.482360
0.992545,54.496049
0.992582,54.509728
0.992618,54.523397
0.992654,54.537055
0.992691,54.550702
0.992727,54.564339
0.992763,54.577966
0.992799,54.591582
0.992834,54.605187
0.992870,54.618782
0.992906,54.632367
0.992941,54.645941
0.992976,54.659505
0.993011,54.673058
0.993047,54.686601
0.993082,54.700134
0.993116,54.713656
0.993151,54.727168
0.993186,54.740670
0.993220,54.754161
0.993255,54.767642
0.993289,54.781113
0.993323,54.794573
0.993357,54.808023
0.993391,54.821463
0.993425,54.834892
0.993459,54.848311
0.993492,54.861720
0.993526,54.875119
0.993559,54.888508
0.993593,54.901886
0.993626,54.915254
0.993659,54.928612
0.993692,54.941960
0.993725,54.955298
0.993757,54.968625
0.993790,54.981943
0.993823,54.995250
0.993855,55.008547
0.993887,55.021834
0.993920,55.035111
0.993952,55.048378
0.993984,55.061635
0.994015,55.074882
0.994047,55.088118
0.994079,55.101345
0.994110,55.114562
0.994142,55.127768
0.994173,55.140965
0.994205,55.154152
0.994236,55.167328
0.994267,55.180495
0.994298,55.193652
0.994328,55.206799
0.994359,55.219936
0.994390,55.233063
0.994420,55.246180
0.994451,55.259287
0.994481,55.272385
0.994511,55.285472
0.994541,55.298550
0.994571,55.311617
0.994601,55.324675
0.994631,55.337723
0.994661,55.350762
0.994690,55.363790
0.994720,55.376809
0.994749,55.389818
0.994778,55.402817
0.994807,55.415806
0.994836,55.428786
0.994865,55.441756
0.994894,55.454716
0.994923,55.467666
0.994952,55.480607
0.994980,55.493538
0.995009,55.506459
0.995037,55.519371
0.995065,55.532273
0.995093,55.545166
0.995121,55.558048
0.995149,55.570921
0.995177,55.583785
0.995205,55.596639
0.995233,55.609483
0.995260,55.622318
0.995288,55.635143
0.995315,55.647958
0.995342,55.660764
0.995369,55.673561
0.995397,55.686348
0.995424,55.699125
0.995450,55.711893
0.995477,55.724651
0.995504,55.737400
0.995530,55.750139
0.995557,55.762869
0.995583,55.775590
0.995610,55.788301
0.995636,55.801002
0.995662,55.813695
0.995688,55.826377
0.995714,55.839051
0.995740,55.851715
0.995765,55.864369
0.995791,55.877014
0.995816,55.889650
0.995842,55.902277
0.995867,55.914894
0.995892,55.927501
0.995917,55.940100
0.995943,55.952689
0.995967,55.965269
0.995992,55.977839
0.996017,55.990401
0.996042,56.002953
0.996066,56.015495
0.996091,56.028029
0.996115,56.040553
0.996139,56.053068
0.996164,56.065574
0.996188,56.078070
0.996212,56.090558
0.996236,56.103036
0.996260,56.115505
0.996283,56.127965
0.996307,56.140415
0.996331,56.152857
0.996354,56.165289
0.996377,56.177713
0.996401,56.190127
0.996424,56.202532
0.996447,56.214928
0.996470,56.227314
0.996493,56.239692
0.996516,56.252061
0.996538,56.264420
0.996561,56.276771
0.996584,56.289113
0.996606,56.301445
0.996629,56.313769
0.996651,56.326083
0.996673,56.338388
0.996695,56.350685
0.996717,56.362972
0.996739,56.375251
0.996761,56.387521
0.996783,56.399781
0.996804,56.412033
0.996826,56.424276
0.996847,56.436509
0.996869,56.448734
0.996890,56.460950
0.996911,56.473157
0.996933,56.485356
0.996954,56.497545
0.996975,56.509726
0.996996,56.521897
0.997016,56.534060
0.997037,56.546214
0.997058,56.558359
0.997078,56.570495
0.997099,56.582623
0.997119,56.594742
0.997139,56.606852
0.997160,56.618953
0.997180,56.631045
0.997200,56.643129
0.997220,56.655204
0.997240,56.667270
0.997259,56.679327
0.997279,56.691376
0.997299,56.703416
0.997318,56.715447
0.997338,56.727470
0.997357,56.739484
0.997376,56.751489
0.997395,56.763485
0.997415,56.775473
0.997434,56.787453
0.997452,56.799423
0.997471,56.811385
0.997490,56.823339
0.997509,56.835284
0.997527,56.847220
0.997546,56.859147
0.997564,56.871066
0.997583,56.882977
0.997601,56.894879
0.997619,56.906772
0.997637,56.918657
0.997655,56.930533
0.997673,56.942401
0.997691,56.954260
0.997709,56.966111
0.997727,56.977953
0.997744,56.989787
0.997762,57.001612
0.997779,57.013429
0.997797,57.025237
0.997814,57.037037
0.997831,57.048828
0.997849,57.060611
0.997866,57.072386
0.997883,57.084152
0.997900,57.095910
0.997916,57.107659
0.997933,57.119400
0.997950,57.131133
0.997966,57.142857
0.997983,57.154573
0.997999,57.166281
0.998016,57.177980
0.998032,57.189671
0.998048,57.201353
0.998064,57.213027
0.998081,57.224693
0.998097,57.236351
0.998112,57.248000
0.998128,57.259641
0.998144,57.271274
0.998160,57.282898
0.998175,57.294514
0.998191,57.306122
0.998206,57.317722
0.998222,57.329314
0.998237,57.340897
0.998252,57.352472
0.998267,57.364039
0.998282,57.375598
0.998297,57.387148
0.998312,57.398690
0.998327,57.410225
0.998342,57.421751
0.998357,57.433269
0.998371,57.444778
0.998386,57.456280
0.998400,57.467773
0.998415,57.479259
0.998429,57.490736
0.998443,57.502205
0.998457,57.513666
0.998471,57.525119
0.998485,57.536564
0.998499,57.548001
0.998513,57.559429
0.998527,57.570850
0.998541,57.582263
0.998554,57.593668
0.998568,57.605064
0.998581,57.616453
0.998595,57.627833
0.998608,57.639206
0.998622,57.650571
0.998635,57.661927
0.998648,57.673276
0.998661,57.684617
0.998674,57.695950
0.998687,57.707274
0.998700,57.718591
0.998713,57.729900
0.998725,57.741201
0.998738,57.752494
0.998750,57.763780
0.998763,57.775057
0.998775,57.786326
0.998788,57.797588
0.998800,57.808842
0.998812,57.820087
0.998824,57.831325
0.998836,57.842555
0.998848,57.853778
0.998860,57.864992
0.998872,57.876199
0.998884,57.887398
0.998896,57.898589
0.998907,57.909772
0.998919,57.920947
0.998931,57.932115
0.998942,57.943275
0.998953,57.954427
0.998965,57.965571
0.998976,57.976708
0.998987,57.987837
0.998998,57.998958
0.999009,58.010071
0.999020,58.021177
0.999031,58.032275
0.999042,58.043365
0.999053,58.054448
0.999063,58.065523
0.999074,58.076590
0.999085,58.087649
0.999095,58.098701
0.999106,58.109746
0.999116,58.120782
0.999126,58.131811
0.999137,58.142832
0.999147,58.153846
0.999157,58.164852
0.999167,58.175851
0.999177,58.186842
0.999187,58.197825
0.999196,58.208801
0.999206,58.219769
0.999216,58.230729
0.999226,58.241682
0.999235,58.252628
0.999245,58.263566
0.999254,58.274496
0.999263,58.285419
0.999273,58.296335
0.999282,58.307242
0.999291,58.318143
0.999300,58.329036
0.999309,58.339921
0.999318,58.350799
0.999327,58.361669
0.999336,58.372532
0.999345,58.383388
0.999354,58.394236
0.999362,58.405076
0.999371,58.415909
0.999379,58.426735
0.999388,58.437554
0.999396,58.448364
0.999405,58.459168
0.999413,58.469964
0.999421,58.480753
0.999429,58.491534
0.999437,58.502308
0.999445,58.513075
0.999453,58.523834
0.999461,58.534586
0.999469,58.545330
0.999477,58.556068
0.999485,58.566797
0.999492,58.577520
0.999500,58.588235
0.999507,58.598943
0.999515,58.609644
0.999522,58.620337
0.999530,58.631023
0.999537,58.641702
0.999544,58.652374
0.999551,58.663038
0.999558,58.673695
0.999565,58.684345
0.999572,58.694987
0.999579,58.705623
0.999586,58.716251
0.999593,58.726871
0.999600,58.737485
0.999606,58.748092
0.999613,58.758691
0.999620,58.769283
0.999626,58.779868
0.999632,58.790446
0.999639,58.801016
0.999645,58.811579
0.999651,58.822136
0.999658,58.832685
0.999664,58.843227
0.999670,58.853762
0.999676,58.864289
0.999682,58.874810
0.999688,58.885323
0.999694,58.895830
0.999699,58.906329
0.999705,58.916821
0.999711,58.927306
0.999716,58.937785
0.999722,58.948256
0.999727,58.958719
0.999733,58.969176
0.999738,58.979626
0.999744,58.990069
0.999749,59.000505
0.999754,59.010934
0.999759,59.021355
0.999764,59.031770
0.999769,59.042178
0.999774,59.052579
0.999779,59.062972
0.999784,59.073359
0.999789,59.083739
0.999794,59.094112
0.999798,59.104478
0.999803,59.114837
0.999807,59.125189
0.999812,59.135534
0.999816,59.145872
0.999821,59.156203
0.999825,59.166527
0.999829,59.176845
0.999834,59.187155
0.999838,59.197459
0.999842,59.207755
0.999846,59.218045
0.999850,59.228328
0.999854,59.238604
0.999858,59.248873
0.999862,59.259136
0.999866,59.269391
0.999869,59.279640
0.999873,59.289882
0.999877,59.300117
0.999880,59.310345
0.999884,59.320566
0.999887,59.330781
0.999891,59.340989
0.999894,59.351189
0.999897,59.361384
0.999900,59.371571
0.999904,59.381752
0.999907,59.391926
0.999910,59.402093
0.999913,59.412253
0.999916,59.422407
0.999919,59.432554
0.999922,59.442694
0.999925,59.452827
0.999927,59.462954
0.999930,59.473074
0.999933,59.483187
0.999935,59.493294
0.999938,59.503393
0.999940,59.513487
0.999943,59.523573
0.999945,59.533653
0.999947,59.543726
0.999950,59.553793
0.999952,59.563853
0.999954,59.573906
0.999956,59.583952
0.999958,59.593992
0.999960,59.604026
0.999962,59.614052
0.999964,59.624073
0.999966,59.634086
0.999968,59.644093
0.999970,59.654093
0.999972,59.664087
0.999973,59.674074
0.999975,59.684055
0.999976,59.694029
0.999978,59.703996
0.999979,59.713957
0.999981,59.723911
0.999982,59.733859
0.999983,59.743800
0.999985,59.753735
0.999986,59.763663
0.999987,59.773585
0.999988,59.783500
0.999989,59.793409
0.999990,59.803311
0.999991,59.813207
0.999992,59.823096
0.999993,59.832979
0.999994,59.842855
0.999995,59.852725
0.999995,59.862588
0.999996,59.872445
0.999996,59.882295
0.999997,59.892139
0.999998,59.901977
0.999998,59.911808
0.999998,59.921633
0.999999,59.931451
0.999999,59.941263
0.999999,59.951068
1.000000,59.960867
1.000000,59.970660
1.000000,59.980446
1.000000,59.990226
1.000000,60.000000
0.630930,90.000000
0.634456,89.956033
0.637364,89.912109
0.640036,89.868228
0.642554,89.824390
0.644959,89.780595
0.647272,89.736842
0.649509,89.693132
0.651680,89.649464
0.653794,89.605839
0.655857,89.562257
0.657873,89.518717
0.659848,89.475219
0.661784,89.431763
0.663684,89.388350
0.665551,89.344978
0.667387,89.301649
0.669194,89.258362
0.670974,89.215116
0.672727,89.171913
0.674456,89.128751
0.676161,89.085631
0.677844,89.042553
0.679505,88.999517
0.681146,88.956522
0.682768,88.913568
0.684370,88.870656
0.685954,88.827786
0.687520,88.784957
0.689070,88.742169
0.690603,88.699422
0.692120,88.656716
0.693622,88.614052
0.695109,88.571429
0.696581,88.528846
0.698040,88.486305
0.699484,88.443804
0.700916,88.401344
0.702334,88.358925
0.703740,88.316547
0.705133,88.274209
0.706515,88.231912
0.707885,88.189655
0.709243,88.147439
0.710590,88.105263
0.711926,88.063128
0.713251,88.021033
0.714566,87.978978
0.715870,87.936963
0.717164,87.894988
0.718449,87.853053
0.719724,87.811159
0.720989,87.769304
0.722245,87.727489
0.723492,87.685714
0.724729,87.643979
0.725958,87.602284
0.727178,87.560628
0.728390,87.519011
0.729593,87.477435
0.730788,87.435897
0.731975,87.394400
0.733154,87.352941
0.734325,87.311522
0.735488,87.270142
0.736644,87.228802
0.737792,87.187500
0.738932,87.146238
0.740066,87.105014
0.741192,87.063830
0.742311,87.022684
0.743423,86.981578
0.744528,86.940510
0.745627,86.899481
0.746718,86.858491
0.747803,86.817539
0.748882,86.776626
0.749954,86.735751
0.751019,86.694915
0.752079,86.654118
0.753132,86.613358
0.754179,86.572638
0.755220,86.531955
0.756255,86.491310
0.757284,86.450704
0.758307,86.410136
0.759324,86.369606
0.760336,86.329114
0.761342,86.288660
0.762343,86.248244
0.763337,86.207865
0.764327,86.167525
0.765311,86.127222
0.766290,86.086957
0.767263,86.046729
0.768231,86.006539
0.769194,85.966387
0.770152,85.926272
0.771105,85.886194
0.772053,85.846154
0.772996,85.806151
0.773933,85.766185
0.774866,85.726257
0.775795,85.686366
0.776718,85.646512
0.777637,85.606695
0.778551,85.566914
0.779460,85.527171
0.780365,85.487465
0.781265,85.447796
0.782161,85.408163
0.783052,85.368567
0.783939,85.329008
0.784821,85.289486
0.785699,85.250000
0.786573,85.210551
0.787442,85.171138
0.788308,85.131761
0.789169,85.092421
0.790026,85.053118
0.790878,85.013850
0.791727,84.974619
0.792571,84.935424
0.793412,84.896266
0.794249,84.857143
0.795081,84.818056
0.795910,84.779006
0.796735,84.739991
0.797556,84.701012
0.798373,84.662069
0.799186,84.623162
0.799996,84.584290
0.800801,84.545455
0.801603,84.506654
0.802402,84.467890
0.803196,84.429161
0.803988,84.390467
0.804775,84.351809
0.805559,84.313187
0.806339,84.274600
0.807116,84.236048
0.807890,84.197531
0.808659,84.159049
0.809426,84.120603
0.810189,84.082192
0.810949,84.043816
0.811705,84.005474
0.812458,83.967168
0.813207,83.928897
0.813954,83.890661
0.814697,83.852459
0.815437,83.814292
0.816173,83.776160
0.816907,83.738063
0.817637,83.700000
0.818364,83.661972
0.819088,83.623978
0.819808,83.586019
0.820526,83.548094
0.821241,83.510204
0.821952,83.472348
0.822661,83.434527
0.823366,83.396739
0.824069,83.358986
0.824768,83.321267
0.825465,83.283582
0.826158,83.245931
0.826849,83.208315
0.827537,83.170732
0.828222,83.133183
0.828904,83.095668
0.829583,83.058187
0.830260,83.020739
0.830933,82.983326
0.831604,82.945946
0.832272,82.908600
0.832937,82.871287
0.833600,82.834008
0.834259,82.796763
0.834917,82.759551
0.835571,82.722372
0.836223,82.685227
0.836872,82.648115
0.837518,82.611036
0.838162,82.573991
0.838803,82.536979
0.839442,82.500000
0.840078,82.463054
0.840711,82.426141
0.841342,82.389262
0.841970,82.352415
0.842596,82.315601
0.843219,82.278820
0.843840,82.242072
0.844459,82.205357
0.845074,82.168675
0.845688,82.132025
0.846299,82.095408
0.846907,82.058824
0.847514,82.022272
0.848117,81.985752
0.848719,81.949266
0.849318,81.912811
0.849914,81.876390
0.850509,81.840000
0.851101,81.803643
0.851690,81.767318
0.852278,81.731025
0.852863,81.694765
0.853446,81.658537
0.854026,81.622340
0.854604,81.586176
0.855180,81.550044
0.855754,81.513944
0.856326,81.477876
0.856895,81.441840
0.857462,81.405836
0.858027,81.369863
0.858590,81.333922
0.859151,81.298013
0.859709,81.262136
0.860266,81.226290
0.860820,81.190476
0.861372,81.154694
0.861922,81.118943
0.862470,81.083223
0.863016,81.047535
0.863559,81.011879
0.864101,80.976253
0.864641,80.940659
0.865178,80.905097
0.865714,80.869565
0.866247,80.834065
0.866779,80.798596
0.867308,80.763158
0.867836,80.727751
0.868361,80.692375
0.868885,80.657030
0.869406,80.621716
0.869926,80.586433
0.870443,80.551181
0.870959,80.515960
0.871473,80.480769
0.871985,80.445609
0.872495,80.410480
0.873003,80.375382
0.873509,80.340314
0.874013,80.305277
0.874516,80.270270
0.875016,80.235294
0.875515,80.200348
0.876012,80.165433
0.876507,80.130548
0.877000,80.095694
0.877492,80.060870
0.877981,80.026076
0.878469,79.991312
0.878955,79.956578
0.879439,79.921875
0.879921,79.887202
0.880402,79.852559
0.880881,79.817945
0.881358,79.783362
0.881833,79.748809
0.882307,79.714286
0.882779,79.679792
0.883249,79.645329
0.883717,79.610895
0.884184,79.576491
0.884649,79.542117
0.885113,79.507772
0.885574,79.473457
0.886034,79.439172
0.886493,79.404916
0.886949,79.370690
0.887404,79.336493
0.887857,79.302326
0.888309,79.268188
0.888759,79.234079
0.889208,79.200000
0.889655,79.165950
0.890100,79.131930
0.890543,79.097938
0.890985,79.063976
0.891426,79.030043
0.891865,78.996139
0.892302,78.962264
0.892737,78.928418
0.893172,78.894602
0.893604,78.860814
0.894035,78.827055
0.894465,78.793325
0.894893,78.759624
0.895319,78.725951
0.895744,78.692308
0.896167,78.658693
0.896589,78.625107
0.897009,78.591549
0.897428,78.558020
0.897845,78.524520
0.898261,78.491049
0.898676,78.457605
0.899088,78.424191
0.899500,78.390805
0.899910,78.357447
0.900318,78.324117
0.900725,78.290816
0.901131,78.257544
0.901535,78.224299
0.901938,78.191083
0.902339,78.157895
0.902739,78.124735
0.903137,78.091603
0.903534,78.058499
0.903930,78.025424
0.904324,77.992376
0.904717,77.959356
0.905109,77.926365
0.905499,77.893401
0.905887,77.860465
0.906275,77.827557
0.906661,77.794677
0.907045,77.761824
0.907429,77.729000
0.907810,77.696203
0.908191,77.663433
0.908570,77.630691
0.908948,77.597977
0.909325,77.565291
0.909700,77.532632
0.910074,77.500000
0.910446,77.467396
0.910818,77.434819
0.911187,77.402270
0.911556,77.369748
0.911924,77.337253
0.912290,77.304786
0.912654,77.272346
0.913018,77.239933
0.913380,77.207547
0.913741,77.175189
0.914101,77.142857
0.914459,77.110553
0.914817,77.078275
0.915173,77.046025
0.915527,77.013802
0.915881,76.981605
0.916233,76.949436
0.916584,76.917293
0.916934,76.885177
0.917282,76.853088
0.917630,76.821026
0.917976,76.788991
0.918321,76.756982
0.918664,76.725000
0.919007,76.693045
0.919348,76.661116
0.919688,76.629213
0.920027,76.597338
0.920365,76.565489
0.920702,76.533666
0.921037,76.501870
0.921371,76.470100
0.921704,76.438356
0.922036,76.406639
0.922367,76.374948
0.922697,76.343284
0.923025,76.311645
0.923352,76.280033
0.923679,76.248447
0.924004,76.216887
0.924328,76.185354
0.924650,76.153846
0.924972,76.122365
0.925293,76.090909
0.925612,76.059480
0.925930,76.028076
0.926247,75.996698
0.926564,75.965347
0.926879,75.934021
0.927192,75.902721
0.927505,75.871446
0.927817,75.840198
0.928128,75.808975
0.928437,75.777778
0.928746,75.746606
0.929053,75.715461
0.929360,75.684340
0.929665,75.653246
0.929969,75.622177
0.930272,75.591133
0.930574,75.560115
0.930875,75.529122
0.931176,75.498155
0.931474,75.467213
0.931772,75.436297
0.932069,75.405405
0.932365,75.374540
0.932660,75.343699
0.932954,75.312883
0.933247,75.282093
0.933539,75.251328
0.933829,75.220588
0.934119,75.189873
0.934408,75.159184
0.934696,75.128519
0.934982,75.097879
0.935268,75.067265
0.935553,75.036675
0.935837,75.006110
0.936119,74.975570
0.936401,74.945055
0.936682,74.914565
0.936962,74.884099
0.937241,74.853659
0.937519,74.823243
0.937796,74.792851
0.938072,74.762485
0.938347,74.732143
0.938621,74.701826
0.938894,74.671533
0.939166,74.641265
0.939437,74.611021
0.939707,74.580802
0.939977,74.550607
0.940245,74.520437
0.940513,74.490291
0.940779,74.460170
0.941045,74.430073
0.941309,74.400000
0.941573,74.369952
0.941836,74.339927
0.942098,74.309927
0.942359,74.279952
0.942619,74.250000
0.942878,74.220073
0.943137,74.190169
0.943394,74.160290
0.943650,74.130435
0.943906,74.100604
0.944161,74.070796
0.944414,74.041013
0.944667,74.011254
0.944919,73.981519
0.945171,73.951807
0.945421,73.922120
0.945670,73.892456
0.945919,73.862816
0.946166,73.833200
0.946413,73.803607
0.946659,73.774038
0.946904,73.744493
0.947148,73.714972
0.947392,73.685474
0.947634,73.656000
0.947876,73.626549
0.948117,73.597122
0.948357,73.567719
0.948596,73.538339
0.948834,73.508982
0.949072,73.479649
0.949308,73.450339
0.949544,73.421053
0.949779,73.391790
0.950013,73.362550
0.950246,73.333333
0.950479,73.304140
0.950710,73.274970
0.950941,73.245823
0.951171,73.216700
0.951400,73.187599
0.951629,73.158522
0.951857,73.129468
0.952083,73.100437
0.952309,73.071429
0.952535,73.042443
0.952759,73.013481
0.952983,72.984542
0.953205,72.955626
0.953427,72.926733
0.953649,72.897862
0.953869,72.869015
0.954089,72.840190
0.954308,72.811388
0.954526,72.782609
0.954743,72.753852
0.954960,72.725118
0.955176,72.696407
0.955391,72.667719
0.955605,72.639053
0.955819,72.610410
0.956031,72.581790
0.956243,72.553191
0.956455,72.524616
0.956665,72.496063
0.956875,72.467532
0.957084,72.439024
0.957292,72.410539
0.957500,72.382075
0.957706,72.353635
0.957913,72.325216
0.958118,72.296820
0.958322,72.268446
0.958526,72.240094
0.958729,72.211765
0.958932,72.183457
0.959133,72.155172
0.959334,72.126910
0.959535,72.098669
0.959734,72.070450
0.959933,72.042254
0.960131,72.014079
0.960328,71.985927
0.960525,71.957796
0.960721,71.929688
0.960916,71.901601
0.961111,71.873536
0.961304,71.845494
0.961498,71.817473
0.961690,71.789474
0.961882,71.761496
0.962073,71.733541
0.962263,71.705607
0.962453,71.677696
0.962642,71.649805
0.962830,71.621937
0.963018,71.594090
0.963205,71.566265
0.963391,71.538462
0.963576,71.510680
0.963761,71.482919
0.963946,71.455180
0.964129,71.427463
0.964312,71.399767
0.964494,71.372093
0.964676,71.344440
0.964857,71.316809
0.965037,71.289199
0.965217,71.261610
0.965395,71.234043
0.965574,71.206497
0.965751,71.178972
0.965928,71.151468
0.966105,71.123986
0.966280,71.096525
0.966455,71.069085
0.966630,71.041667
0.966803,71.014269
0.966976,70.986893
0.967149,70.959538
0.967321,70.932203
0.967492,70.904890
0.967662,70.877598
0.967832,70.850327
0.968002,70.823077
0.968170,70.795848
0.968338,70.768640
0.968506,70.741452
0.968672,70.714286
0.968839,70.687140
0.969004,70.660015
0.969169,70.632911
0.969333,70.605828
0.969497,70.578766
0.969660,70.551724
0.969823,70.524703
0.969985,70.497703
0.970146,70.470723
0.970307,70.443764
0.970467,70.416826
0.970626,70.389908
0.970785,70.363011
0.970943,70.336134
0.971101,70.309278
0.971258,70.282443
0.971414,70.255628
0.971570,70.228833
0.971726,70.202059
0.971880,70.175305
0.972034,70.148571
0.972188,70.121858
0.972341,70.095166
0.972493,70.068493
0.972645,70.041841
0.972796,70.015209
0.972947,69.988597
0.973097,69.962006
0.973247,69.935435
0.973396,69.908884
0.973544,69.882353
0.973692,69.855842
0.973839,69.829352
0.973986,69.802881
0.974132,69.776430
0.974277,69.750000
0.974422,69.723590
0.974567,69.697199
0.974710,69.670829
0.974854,69.644478
0.974997,69.618147
0.975139,69.591837
0.975280,69.565546
0.975421,69.539275
0.975562,69.513024
0.975702,69.486792
0.975842,69.460581
0.975980,69.434389
0.976119,69.408217
0.976257,69.382065
0.976394,69.355932
0.976531,69.329819
0.976667,69.303726
0.976803,69.277652
0.976938,69.251598
0.977072,69.225564
0.977207,69.199549
0.977340,69.173554
0.977473,69.147578
0.977606,69.121622
0.977738,69.095685
0.977869,69.069767
0.978000,69.043870
0.978131,69.017991
0.978260,68.992132
0.978390,68.966292
0.978519,68.940472
0.978647,68.914671
0.978775,68.888889
0.978902,68.863126
0.979029,68.837383
0.979156,68.811659
0.979281,68.785954
0.979407,68.760269
0.979531,68.734602
0.979656,68.708955
0.979780,68.683327
0.979903,68.657718
0.980026,68.632128
0.980148,68.606557
0.980270,68.581006
0.980391,68.555473
0.980512,68.529959
0.980632,68.504464
0.980752,68.478988
0.980872,68.453532
0.980990,68.428094
0.981109,68.402675
0.981227,68.377274
0.981344,68.351893
0.981461,68.326531
0.981577,68.301187
0.981693,68.275862
0.981809,68.250556
0.981924,68.225269
0.982038,68.200000
0.982152,68.174750
0.982266,68.149519
0.982379,68.124306
0.982492,68.099112
0.982604,68.073937
0.982716,68.048780
0.982827,68.023642
0.982938,67.998523
0.983048,67.973422
0.983158,67.948339
0.983267,67.923276
0.983376,67.898230
0.983485,67.873203
0.983592,67.848195
0.983700,67.823204
0.983807,67.798233
0.983914,67.773279
0.984020,67.748344
0.984126,67.723428
0.984231,67.698529
0.984336,67.673649
0.984440,67.648788
0.984544,67.623944
0.984647,67.599119
0.984750,67.574312
0.984853,67.549523
0.984955,67.524752
0.985057,67.500000
0.985158,67.475266
0.985259,67.450549
0.985359,67.425851
0.985459,67.401171
0.985559,67.376509
0.985658,67.351865
0.985756,67.327239
0.985855,67.302632
0.985952,67.278042
0.986050,67.253470
0.986147,67.228916
0.986243,67.204380
0.986339,67.179861
0.986435,67.155361
0.986530,67.130879
0.986625,67.106414
0.986719,67.081967
0.986813,67.057538
0.986906,67.033127
0.986999,67.008734
0.987092,66.984358
0.987184,66.960000
0.987276,66.935660
0.987368,66.911337
0.987459,66.887032
0.987549,66.862745
0.987639,66.838475
0.987729,66.814224
0.987818,66.789989
0.987907,66.765772
0.987996,66.741573
0.988084,66.717391
0.988172,66.693227
0.988259,66.669080
0.988346,66.644951
0.988432,66.620839
0.988519,66.596745
0.988604,66.572668
0.988690,66.548609
0.988774,66.524566
0.988859,66.500542
0.988943,66.476534
0.989027,66.452544
0.989110,66.428571
0.989193,66.404616
0.989276,66.380678
0.989358,66.356757
0.989439,66.332853
0.989521,66.308967
0.989602,66.285097
0.989682,66.261245
0.989762,66.237410
0.989842,66.213592
0.989922,66.189792
0.990001,66.166008
0.990079,66.142241
0.990158,66.118492
0.990236,66.094760
0.990313,66.071044
0.990390,66.047346
0.990467,66.023664
0.990543,66.000000
0.990619,65.976353
0.990695,65.952722
0.990770,65.929108
0.990845,65.905512
0.990920,65.881932
0.990994,65.858369
0.991068,65.834823
0.991141,65.811294
0.991214,65.787781
0.991287,65.764286
0.991359,65.740807
0.991431,65.717345
0.991502,65.693899
0.991574,65.670471
0.991644,65.647059
0.991715,65.623664
0.991785,65.600285
0.991855,65.576923
0.991924,65.553578
0.991993,65.530249
0.992062,65.506937
0.992130,65.483642
0.992198,65.460363
0.992266,65.437100
0.992333,65.413854
0.992400,65.390625
0.992466,65.367412
0.992533,65.344216
0.992598,65.321036
0.992664,65.297872
0.992729,65.274725
0.992794,65.251595
0.992858,65.228480
0.992922,65.205382
0.992986,65.182301
0.993050,65.159236
0.993113,65.136187
0.993175,65.113154
0.993238,65.090138
0.993300,65.067138
0.993362,65.044154
0.993423,65.021186
0.993484,64.998235
0.993545,64.975300
0.993605,64.952381
0.993665,64.929478
0.993725,64.906591
0.993784,64.883721
0.993843,64.860867
0.993902,64.838028
0.993960,64.815206
0.994018,64.792400
0.994076,64.769610
0.994133,64.746835
0.994190,64.724077
0.994247,64.701335
0.994303,64.678609
0.994359,64.655899
0.994415,64.633205
0.994470,64.610526
0.994525,64.587864
0.994580,64.565217
0.994635,64.542587
0.994689,64.519972
0.994743,64.497373
0.994796,64.474790
0.994849,64.452223
0.994902,64.429671
0.994954,64.407135
0.995007,64.384615
0.995059,64.362111
0.995110,64.339623
0.995161,64.317150
0.995212,64.294693
0.995263,64.272251
0.995313,64.249826
0.995363,64.227415
0.995413,64.205021
0.995462,64.182642
0.995511,64.160279
0.995560,64.137931
0.995609,64.115599
0.995657,64.093282
0.995704,64.070981
0.995752,64.048696
0.995799,64.026426
0.995846,64.004171
0.995893,63.981932
0.995939,63.959708
0.995985,63.937500
0.996031,63.915307
0.996076,63.893130
0.996121,63.870968
0.996166,63.848821
0.996211,63.826690
0.996255,63.804574
0.996299,63.782473
0.996342,63.760388
0.996386,63.738318
0.996429,63.716263
0.996472,63.694223
0.996514,63.672199
0.996556,63.650190
0.996598,63.628196
0.996640,63.606218
0.996681,63.584254
0.996722,63.562306
0.996763,63.540373
0.996803,63.518455
0.996843,63.496552
0.996883,63.474664
0.996923,63.452791
0.996962,63.430934
0.997001,63.409091
0.997039,63.387263
0.997078,63.365451
0.997116,63.343653
0.997154,63.321871
0.997191,63.300103
0.997229,63.278351
0.997266,63.256613
0.997302,63.234890
0.997339,63.213182
0.997375,63.191489
0.997411,63.169811
0.997447,63.148148
0.997482,63.126500
0.997517,63.104866
0.997552,63.083248
0.997586,63.061644
0.997621,63.040055
0.997655,63.018480
0.997688,62.996921
0.997722,62.975376
0.997755,62.953846
0.997788,62.932331
0.997820,62.910830
0.997853,62.889344
0.997885,62.867873
0.997917,62.846416
0.997948,62.824974
0.997979,62.803547
0.998010,62.782134
0.998041,62.760736
0.998072,62.739353
0.998102,62.717984
0.998132,62.696629
0.998162,62.675289
0.998191,62.653964
0.998220,62.632653
0.998249,62.611357
0.998278,62.590075
0.998306,62.568807
0.998334,62.547554
0.998362,62.526316
0.998390,62.505092
0.998417,62.483882
0.998444,62.462687
0.998471,62.441506
0.998498,62.420339
0.998524,62.399187
0.998550,62.378049
0.998576,62.356925
0.998601,62.335816
0.998627,62.314721
0.998652,62.293640
0.998677,62.272574
0.998701,62.251521
0.998726,62.230483
0.998750,62.209459
0.998773,62.188450
0.998797,62.167454
0.998820,62.146473
0.998843,62.125506
0.998866,62.104553
0.998889,62.083614
0.998911,62.062690
0.998933,62.041779
0.998955,62.020882
0.998977,62.000000
0.998998,61.979132
0.999019,61.958277
0.999040,61.937437
0.999061,61.916611
0.999081,61.895798
0.999101,61.875000
0.999121,61.854216
0.999141,61.833445
0.999160,61.812689
0.999180,61.791946
0.999199,61.771218
0.999217,61.750503
0.999236,61.729802
0.999254,61.709115
0.999272,61.688442
0.999290,61.667783
0.999307,61.647138
0.999325,61.626506
0.999342,61.605888
0.999359,61.585284
0.999375,61.564694
0.999392,61.544118
0.999408,61.523555
0.999424,61.503006
0.999440,61.482471
0.999455,61.461949
0.999470,61.441441
0.999485,61.420947
0.999500,61.400467
0.999515,61.380000
0.999529,61.359547
0.999543,61.339107
0.999557,61.318681
0.999571,61.298269
0.999584,61.277870
0.999597,61.257485
0.999610,61.237113
0.999623,61.216755
0.999636,61.196411
0.999648,61.176080
0.999660,61.155762
0.999672,61.135458
0.999684,61.115168
0.999695,61.094891
0.999706,61.074627
0.999717,61.054377
0.999728,61.034140
0.999739,61.013917
0.999749,60.993707
0.999759,60.973510
0.999769,60.953327
0.999779,60.933157
0.999788,60.913000
0.999797,60.892857
0.999806,60.872727
0.999815,60.852611
0.999824,60.832507
0.999832,60.812417
0.999841,60.792341
0.999849,60.772277
0.999856,60.752227
0.999864,60.732190
0.999871,60.712166
0.999878,60.692156
0.999885,60.672158
0.999892,60.652174
0.999899,60.632203
0.999905,60.612245
0.999911,60.592300
0.999917,60.572368
0.999923,60.552450
0.999928,60.532544
0.999933,60.512652
0.999938,60.492773
0.999943,60.472906
0.999948,60.453053
0.999952,60.433213
0.999957,60.413386
0.999961,60.393572
0.999965,60.373770
0.999968,60.353982
0.999972,60.334207
0.999975,60.314445
0.999978,60.294695
0.999981,60.274959
0.999984,60.255236
0.999986,60.235525
0.999988,60.215827
0.999990,60.196143
0.999992,60.176471
0.999994,60.156811
0.999995,60.137165
0.999997,60.117532
0.999998,60.097911
0.999998,60.078303
0.999999,60.058708
1.000000,60.039126
1.000000,60.019557
1.000000,60.000000
