SEASAT 1                
1 10967U 78064A   08034.95832543 -.00000074  00000-0  19063-4 0  4318
2 10967 108.0056   2.8447 0002300 244.9379 115.1518 14.42071167553203
LANDSAT 4               
1 13367U 82072A   08034.49744015 -.00000578  00000-0 -38784-4 0  5462
2 13367  98.2254 275.0466 0016512 201.3020 158.7516 15.01952620369502
LANDSAT 5               
1 14780U 84021A   08035.10471477  .00000025  00000-0  15504-4 0  9741
2 14780  98.1653 104.4807 0006140 204.4417 155.6496 14.57128289272702
COSMOS 1602             
1 15331U 84105A   08034.49797565  .00000563  00000-0  41692-4 0  4522
2 15331  82.5238  35.9585 0016239 108.5344 251.7647 15.01111434267068
SPOT 1                  
1 16613U 86019A   08034.55669792  .00000003  00000-0  11324-4 0   444
2 16613  98.7563 205.9584 0152562 159.5410 201.1986 14.60718881829422
COSMOS 1766             
1 16881U 86055A   08034.19515959  .00000713  00000-0  56080-4 0  9227
2 16881  82.5104  94.7710 0014084 172.4993 187.6438 14.99316442167291
MOS 1A (MOMO 1)         
1 17527U 87018A   08034.94640856 -.00000117  00000-0 -48865-4 0  7593
2 17527  98.8868   0.5750 0009434  31.0929 329.0791 14.01882728 70012
IRS 1A                  
1 18960U 88021A   08035.06133284 -.00000013  00000-0  23172-4 0  6357
2 18960  99.2119 348.5800 0014361 158.2027 332.6901 13.96391196917026
OKEAN 1                 
1 19274U 88056A   08034.94248641  .00000168  00000-0  12423-4 0  2391
2 19274  82.5040 205.4371 0016366  20.1668 340.0188 14.96539798 62071
SPOT 2                  
1 20436U 90005A   08035.14520791  .00000170  00000-0  10000-3 0  9345
2 20436  98.6631 109.7104 0000601 154.3743 290.5830 14.20059804934866
MOS 1B (MOMO 1B)        
1 20478U 90013A   08034.95458700  .00000200  00000-0  17995-3 0  2019
2 20478  98.8273  10.2549 0006179  93.3694 266.8173 13.94919216836700
OKEAN 2                 
1 20510U 90018A   08034.49413515  .00000187  00000-0  16150-4 0  6498
2 20510  82.5160 193.2958 0013222 307.1267  52.8745 14.91547464970423
OKEAN 3                 
1 21397U 91039A   08034.73140389  .00000134  00000-0  12125-4 0  2473
2 21397  82.5205 129.9504 0020672  94.5172 265.8405 14.86821587900662
ERS-1                   
1 21574U 91050A   08034.57068224 -.00000025  00000-0  53969-5 0   719
2 21574  98.2078  72.1886 0034879 128.7752 231.6565 14.35641612866405
IRS 1B                  
1 21688U 91061A   08034.22084781  .00000141  00000-0  13072-3 0   734
2 21688  98.7348  65.1190 0025511  77.1733 283.2291 13.96891974731825
TOPEX                   
1 22076U 92052A   08034.95657402 -.00000038  00000-0  10000-3 0  1378
2 22076  66.0392  27.6805 0007380 268.8323  91.1847 12.80940580724306
SPOT 3                  
1 22823U 93061A   08035.08298980  .00000002  00000-0  21012-4 0  3565
2 22823  98.4962   4.9767 0017666  15.2097 344.9610 14.18626018743389
OKEAN 1-7               
1 23317U 94066A   08034.21012750 -.00000078  00000-0 -12634-4 0  4963
2 23317  82.5370  81.0183 0021142 208.0529 151.9537 14.82573448718283
IRS P2                  
1 23323U 94068A   08035.04029079 -.00000007  00000-0  14890-4 0  9452
2 23323  98.3493  25.7391 0000987  79.0287 281.1002 14.23020945690813
RESURS O1-3             
1 23342U 94074A   08034.99981950 -.00000070  00000-0 -27629-5 0  7014
2 23342  97.9492   7.3919 0000954  42.8867 317.2411 14.76741326712525
ERS-2                   
1 23560U 95021A   08035.11247455 -.00000068  00000-0 -88512-5 0  6787
2 23560  98.5632 111.0490 0001046  97.4087 262.7220 14.32241577668774
SICH-1                  
1 23657U 95046A   08034.20742840  .00000095  00000-0  90219-5 0  2958
2 23657  82.5253 221.9582 0023139 200.1480 159.8825 14.81547812670239
RADARSAT                
1 23710U 95059A   08035.12398078  .00000231  00000-0  10636-3 0  8045
2 23710  98.5789  43.0503 0000998  88.6244 358.9201 14.29979282639485
IRS 1C                  
1 23751U 95072A   08035.10947628  .00000001  00000-0  19122-4 0  7790
2 23751  98.3597  60.2527 0001070  76.5412 283.5894 14.21780662628154
IRS P3                  
1 23827U 96017A   08035.05481446 -.00000129  00000-0 -40223-4 0  1950
2 23827  98.3368  32.1564 0002412 250.3705 109.7221 14.21647313616202
TOMS-EP                 
1 23940U 96037A   08034.70223050  .00000010  00000-0  13042-4 0  6911
2 23940  98.1003 280.4536 0030460  98.7223 261.7427 14.52157029616933
ADEOS                   
1 24277U 96046A   08034.99155169 -.00000026  00000-0  58160-5 0  6842
2 24277  98.2965  15.9937 0001092 359.3782   0.7400 14.28579874597654
ORBVIEW 2 (SEASTAR)     
1 24883U 97037A   08034.24373069  .00000007  00000-0  11321-4 0  1823
2 24883  98.2889 150.6137 0001349 355.5690   4.5500 14.59921387559499
IRS 1D                  
1 24971U 97057A   08035.09841985 -.00000054  00000-0 -44639-5 0  8914
2 24971  98.3092  87.5203 0054522 342.8494  17.0867 14.32942129541357
TRMM                    
1 25063U 97074A   08034.43847551  .00004184  00000-0  59009-4 0  6929
2 25063  34.9679  43.9787 0000284 309.0654  51.0313 15.55956466582207
SPOT 4                  
1 25260U 98017A   08035.12749574  .00000129  00000-0  81043-4 0  7108
2 25260  98.6739 110.2254 0000731 127.4032 316.0910 14.20053376511507
RESURS O1-N4            
1 25394U 98043A   08034.98814282 -.00000041  00000-0  43155-6 0  8487
2 25394  98.4060  84.9368 0000695 212.9409 147.1726 14.24152640497341
FASAT-B                 
1 25395U 98043B   08035.00162663  .00000029  00000-0  30423-4 0   817
2 25395  98.4011  83.8909 0002042 219.5070 140.5961 14.24276418497384
TMSAT                   
1 25396U 98043C   08034.47325175 -.00000089  00000-0 -20905-4 0   268
2 25396  98.3968  80.8090 0001835 251.1126 108.9859 14.23748111497192
TECHSAT 1B              
1 25397U 98043D   08035.03470626 -.00000194  00000-0 -67649-4 0  5172
2 25397  98.3840  76.7064 0000379 282.8090  77.3051 14.23136855497133
ROCSAT 1                
1 25616U 99002A   08034.96823211  .00000437  00000-0  36038-4 0  5036
2 25616  34.9663 332.2275 0047264  76.9977 283.6002 15.00050232492414
SUNSAT                  
1 25636U 99008C   08034.80478561  .00000037  00000-0  17744-4 0  9269
2 25636  96.4816 332.1604 0148535   3.4182 356.7999 14.43421654471061
LANDSAT 7               
1 25682U 99020A   08035.13873936 -.00000016  00000-0  64470-5 0   602
2 25682  98.2096 104.3082 0000502  71.8821 288.2454 14.57114640468409
UOSAT-12                
1 25693U 99021A   08034.69394043 -.00000043  00000-0  13968-4 0  5499
2 25693  64.5558 210.3472 0048250 254.9547 104.6211 14.78694242473987
KITSAT-3                
1 25756U 99029A   08034.53233913 -.00000011  00000-0  90811-5 0  5430
2 25756  98.6449 205.3222 0013294 252.7311 107.2425 14.52484846460628
TUBSAT                  
1 25757U 99029B   08035.10484849  .00000076  00000-0  31373-4 0  3762
2 25757  98.6423 197.5647 0013534 274.5361  85.4281 14.50818827460342
IRS P4 (OCEANSAT 1)     
1 25758U 99029C   08034.68735118  .00000069  00000-0  28596-4 0  7795
2 25758  98.2779 131.6049 0001270  40.6363 319.4942 14.50858588460438
QUIKSCAT                
1 25789U 99034A   08035.13575997 -.00000033  00000-0  43787-5 0   686
2 25789  98.6350 224.7571 0000437  32.3237 327.7974 14.26765662449298
OKEAN-O                 
1 25860U 99039A   08035.06952484  .00000050  00000-0  14916-4 0  2808
2 25860  97.7422  31.6120 0001440  43.2729 316.8596 14.73500163459649
IKONOS-2                
1 25919U 99051A   08035.08482279 -.00000321  00000-0 -51875-4 0  1682
2 25919  98.1046 111.9084 0000966 118.5038 241.6271 14.64446436447018
CBERS 1                 
1 25940U 99057A   08035.11813842 -.00000025  00000-0  55521-5 0  3977
2 25940  98.1802  61.8916 0006030 131.6433 228.5281 14.34412568435267
TERRA                   
1 25994U 99068A   08035.08897580  .00000008  00000-0  11896-4 0  2824
2 25994  98.2105 111.1129 0001381 101.5700 258.5659 14.57113904432474
KOMPSAT                 
1 26032U 99070A   08035.07068264  .00000102  00000-0  27443-4 0  4427
2 26032  97.9880 285.6303 0005684  27.5596 332.5914 14.65489468434384
TIUNGSAT 1              
1 26548U 00057D   08034.86003027 -.00000018  00000-0  15703-4 0   146
2 26548  64.5563 185.9086 0013908 342.5899  17.4728 14.83223383397896
EO-1                    
1 26619U 00075A   08035.10157203  .00000331  00000-0  75887-4 0  6545
2 26619  98.1628 103.5480 0010431  72.0727 288.1667 14.61733761383354
SAC C                   
1 26620U 00075B   08035.11136087  .00000073  00000-0  26145-4 0  3425
2 26620  97.9773  85.3459 0001372  84.7305 275.4033 14.56543471383024
EROS-A1                 
1 26631U 00079A   08035.14168916  .00001343  00000-0  61551-4 0  3690
2 26631  97.3796 103.7734 0006181 281.3672 163.8729 15.22159847398629
QUICKBIRD 2             
1 26953U 01047A   08035.14381170  .00002596  00000-0  67370-4 0  3463
2 26953  97.1903 115.9037 0000805 105.5026 338.3575 15.39882148353817
TES                     
1 26957U 01049A   08035.07765119 -.00001121  00000-0 -85229-4 0  6573
2 26957  97.5761 120.6241 0021852  81.3902 278.9805 14.99925941344387
JASON                   
1 26997U 01055A   08033.39423533 -.00000038  00000-0  10000-3 0  8760
2 26997  66.0441  30.8146 0008052 270.5603  89.4468 12.80929576287898
METEOR-3M               
1 27001U 01056A   08035.19195269 -.00000053  00000-0 -11349-4 0  1174
2 27001  99.3284 263.0697 0013098 253.8316 106.1387 13.68698362307254
BADR B                  
1 27003U 01056C   08034.67551550  .00000115  00000-0  17993-3 0   308
2 27003  99.3236 268.0413 0019665 261.3534  98.5355 13.70091027307556
MAROC-TUBSAT            
1 27004U 01056D   08034.84846601  .00000116  00000-0  18044-3 0   435
2 27004  99.3218 267.7241 0019276 261.7525  98.1412 13.70021963307556
ENVISAT                 
1 27386U 02009A   08035.09196785 -.00000034  00000-0  35331-5 0  4340
2 27386  98.5433 103.6370 0000870  81.9331 278.1961 14.32249936310056
SPOT 5                  
1 27421U 02021A   08035.08937354 -.00000019  00000-0  11391-4 0  6308
2 27421  98.7004 109.1865 0001507  89.0777 271.0572 14.20042000298339
AQUA                    
1 27424U 02022A   08034.21526921  .00000079  00000-0  27600-4 0  6563
2 27424  98.2179 336.4567 0000826  84.9510 275.1791 14.57099798305957
HAIYANG-1A              
1 27430U 02024A   08035.20502634  .00000014  00000-0  22382-4 0  6962
2 27430  98.5416 106.6465 0009711 105.2630 254.9626 14.29632942298773
ALSAT 1                 
1 27559U 02054A   08035.12177747  .00000008  00000-0  10482-4 0  9279
2 27559  98.0159 279.9376 0009917 202.6773 157.3999 14.62943999276721
ADEOS II                
1 27597U 02056A   08034.81396832 -.00000028  00000-0  61830-5 0  4795
2 27597  98.5358 107.6464 0000656  16.5286 343.5926 14.26113211267619
ICESAT                  
1 27642U 03002A   08034.98670426  .00000300  00000-0  32070-4 0  7620
2 27642  93.9935  39.2169 0002490  61.9111 298.2366 14.90468714275290
ORBVIEW 3               
1 27838U 03030A   08035.11449385  .00002435  00000-0  65363-4 0  9132
2 27838  97.1241 103.3558 0002383  81.8405   5.9787 15.38886213258603
IRS P6                  
1 28051U 03046A   08035.10378207 -.00000032  00000-0  51589-5 0  1703
2 28051  98.6600 110.1377 0002535 116.8007 243.3439 14.21651963223200
CBERS 2                 
1 28057U 03049A   08035.11295479  .00000019  00000-0  21487-4 0  9718
2 28057  98.3547  99.1712 0000584 267.0125  93.1003 14.35319455224812
TANSUO 1                
1 28220U 04012A   08035.14176403  .00000292  00000-0  36977-4 0  7877
2 28220  97.5636  91.2830 0012933  53.2811 306.9591 14.88458149206174
ROCSAT 2                
1 28254U 04018A   08035.14897888  .00000106  00000-0  10000-3 0  2784
2 28254  98.9534 101.5291 0002417 168.2601 275.3863 14.00849417189659
AURA                    
1 28376U 04026A   08034.22457172  .00000085  00000-0  28919-4 0  1193
2 28376  98.2156 338.6566 0000799  87.4205 272.7102 14.57149673189003
PARASOL                 
1 28498U 04049G   08035.10962317  .00000107  00000-0  33854-4 0   360
2 28498  98.2203 337.0070 0000777  79.9897 280.1387 14.57106625166400
CARTOSAT-1              
1 28649U 05017A   08035.13607792  .00000098  00000-0  18709-4 0  1609
2 28649  97.9223 108.5764 0000579 121.4146 238.7117 14.82628628148913
TOPSAT                  
1 28891U 05043B   08035.08322805  .00000113  00000-0  33235-4 0  5872
2 28891  98.1092 291.8062 0018312 107.7476 252.5726 14.59704295121058
SINAH 1                 
1 28893U 05043D   08035.09875380 -.00000008  00000-0  79873-5 0  5543
2 28893  98.1090 292.3332 0016448 106.9412 253.3596 14.60028390121087
ALOS (DAICHI)           
1 28931U 06002A   08035.13543790 -.00000302  00000-0 -53958-4 0  3129
2 28931  98.1513 110.7815 0001124  94.4232 265.7087 14.59573672108101
EROS-B                  
1 29079U 06014A   08035.10527883  .00001385  00000-0  65877-4 0   498
2 29079  97.3915 157.3139 0007293 353.9387 110.3199 15.20813914 98635
RSS-1 (YAOGAN 1)        
1 29092U 06015A   08035.09922182  .00000057  00000-0  14160-4 0   217
2 29092  97.8138  35.6926 0001281  47.9253 312.2078 14.80267349 95936
RESURS-DK 1             
1 29228U 06021A   08035.08743943  .00001590  00000-0  34560-4 0  8802
2 29228  69.9348 266.5911 0164260 250.8627 107.4734 15.34197480 91786
ARIRANG 2 (KOMPSAT-2)   
1 29268U 06031A   08035.06429447  .00000055  00000-0  20529-4 0  7203
2 29268  98.0930 293.8612 0016918 274.2013  85.7262 14.61618406 81177
LAPAN-TUBSAT            
1 29709U 07001A   08035.12250258 -.00000016  00000-0  47035-5 0  1923
2 29709  97.8869  95.7640 0014598 104.2909 255.9945 14.80199445 57656
CARTOSAT 2              
1 29710U 07001B   08035.11473332 -.00000001  00000-0  68610-5 0  2011
2 29710  97.9524  97.7549 0001185 137.9291 222.2013 14.78625503 57639
HAIYANG-1B              
1 31113U 07010A   08035.09667941  .00000008  00000-0  20658-4 0  9246
2 31113  98.5969 111.3540 0023029  67.2765 293.0852 14.28033144 42679
TERRASAR-X              
1 31698U 07026A   08035.11051269  .00000130  00000-0  93605-5 0  7342
2 31698  97.4459  43.6432 0001460  77.7739 336.2247 15.19150941 35506
WORLDVIEW-1             
1 32060U 07041A   08035.11498888  .00000575  00000-0  26690-4 0  4557
2 32060  97.4809 109.2311 0002265  93.4573 355.4813 15.24013354 21069
